Data already exists at: Data/Mountaincar_50000.npy
offline_online 15 Mountaincar 50000
(0.001, 0.0001, 1, 1000, 50000, 1, 0, [-1, 1], 'fc1', 10) | 0
(0.001, 0.0001, 1, 1000, 50000, 1, 1, [-1, 1], 'fc1', 10) | 30
(0.001, 0.0001, 1, 1000, 50000, 1, 1, [-1, 1], 'fc1', 20) | 31
(0.001, 0.0001, 1, 1000, 50000, 1, 1, [-1, 1], 'fc2', 10) | 32
(0.001, 0.0001, 1, 1000, 50000, 1, 1, [-1, 1], 'fc2', 20) | 33
(0.001, 0.0001, 1, 1000, 50000, 1, 1, [-1, 1], 'fc1+fc2', 10) | 34
(0.001, 0.0001, 1, 1000, 50000, 1, 1, [-1, 1], 'fc1+fc2', 20) | 35
(0.001, 0.0001, 1, 1000, 50000, 1, 1, [-2, 2], 'fc1', 10) | 36
(0.001, 0.0001, 1, 1000, 50000, 1, 1, [-2, 2], 'fc1', 20) | 37
(0.001, 0.0001, 1, 1000, 50000, 1, 1, [-2, 2], 'fc2', 10) | 38
(0.001, 0.0001, 1, 1000, 50000, 1, 1, [-2, 2], 'fc2', 20) | 39
(0.001, 0.0001, 1, 1000, 50000, 1, 1, [-2, 2], 'fc1+fc2', 10) | 40
(0.001, 0.0001, 1, 1000, 50000, 1, 1, [-2, 2], 'fc1+fc2', 20) | 41
(0.001, 0.0001, 1, 1000, 50000, 1, 1, [-5, 5], 'fc1', 10) | 42
(0.001, 0.0001, 1, 1000, 50000, 1, 1, [-5, 5], 'fc1', 20) | 43
(0.001, 0.0001, 1, 1000, 50000, 1, 1, [-5, 5], 'fc2', 10) | 44
(0.001, 0.0001, 1, 1000, 50000, 1, 1, [-5, 5], 'fc2', 20) | 45
(0.001, 0.0001, 1, 1000, 50000, 1, 1, [-5, 5], 'fc1+fc2', 10) | 46
(0.001, 0.0001, 1, 1000, 50000, 1, 1, [-5, 5], 'fc1+fc2', 20) | 47
(0.001, 0.0001, 1, 1000, 50000, 1, 1, [-10, 10], 'fc1', 10) | 48
(0.001, 0.0001, 1, 1000, 50000, 1, 1, [-10, 10], 'fc1', 20) | 49
(0.001, 0.0001, 1, 1000, 50000, 1, 1, [-10, 10], 'fc2', 10) | 50
(0.001, 0.0001, 1, 1000, 50000, 1, 1, [-10, 10], 'fc2', 20) | 51
(0.001, 0.0001, 1, 1000, 50000, 1, 1, [-10, 10], 'fc1+fc2', 10) | 52
(0.001, 0.0001, 1, 1000, 50000, 1, 1, [-10, 10], 'fc1+fc2', 20) | 53
(0.001, 0.0001, 1, 1000, 50000, 1, 1, [-20, 20], 'fc1', 10) | 54
(0.001, 0.0001, 1, 1000, 50000, 1, 1, [-20, 20], 'fc1', 20) | 55
(0.001, 0.0001, 1, 1000, 50000, 1, 1, [-20, 20], 'fc2', 10) | 56
(0.001, 0.0001, 1, 1000, 50000, 1, 1, [-20, 20], 'fc2', 20) | 57
(0.001, 0.0001, 1, 1000, 50000, 1, 1, [-20, 20], 'fc1+fc2', 10) | 58
(0.001, 0.0001, 1, 1000, 50000, 1, 1, [-20, 20], 'fc1+fc2', 20) | 59
(0.001, 0.0003, 1, 1000, 50000, 1, 0, [-1, 1], 'fc1', 10) | 0
(0.001, 0.0003, 1, 1000, 50000, 1, 1, [-1, 1], 'fc1', 10) | 30
(0.001, 0.0003, 1, 1000, 50000, 1, 1, [-1, 1], 'fc1', 20) | 31
(0.001, 0.0003, 1, 1000, 50000, 1, 1, [-1, 1], 'fc2', 10) | 32
(0.001, 0.0003, 1, 1000, 50000, 1, 1, [-1, 1], 'fc2', 20) | 33
(0.001, 0.0003, 1, 1000, 50000, 1, 1, [-1, 1], 'fc1+fc2', 10) | 34
(0.001, 0.0003, 1, 1000, 50000, 1, 1, [-1, 1], 'fc1+fc2', 20) | 35
(0.001, 0.0003, 1, 1000, 50000, 1, 1, [-2, 2], 'fc1', 10) | 36
(0.001, 0.0003, 1, 1000, 50000, 1, 1, [-2, 2], 'fc1', 20) | 37
(0.001, 0.0003, 1, 1000, 50000, 1, 1, [-2, 2], 'fc2', 10) | 38
(0.001, 0.0003, 1, 1000, 50000, 1, 1, [-2, 2], 'fc2', 20) | 39
(0.001, 0.0003, 1, 1000, 50000, 1, 1, [-2, 2], 'fc1+fc2', 10) | 40
(0.001, 0.0003, 1, 1000, 50000, 1, 1, [-2, 2], 'fc1+fc2', 20) | 41
(0.001, 0.0003, 1, 1000, 50000, 1, 1, [-5, 5], 'fc1', 10) | 42
(0.001, 0.0003, 1, 1000, 50000, 1, 1, [-5, 5], 'fc1', 20) | 43
(0.001, 0.0003, 1, 1000, 50000, 1, 1, [-5, 5], 'fc2', 10) | 44
(0.001, 0.0003, 1, 1000, 50000, 1, 1, [-5, 5], 'fc2', 20) | 45
(0.001, 0.0003, 1, 1000, 50000, 1, 1, [-5, 5], 'fc1+fc2', 10) | 46
(0.001, 0.0003, 1, 1000, 50000, 1, 1, [-5, 5], 'fc1+fc2', 20) | 47
(0.001, 0.0003, 1, 1000, 50000, 1, 1, [-10, 10], 'fc1', 10) | 48
(0.001, 0.0003, 1, 1000, 50000, 1, 1, [-10, 10], 'fc1', 20) | 49
(0.001, 0.0003, 1, 1000, 50000, 1, 1, [-10, 10], 'fc2', 10) | 50
(0.001, 0.0003, 1, 1000, 50000, 1, 1, [-10, 10], 'fc2', 20) | 51
(0.001, 0.0003, 1, 1000, 50000, 1, 1, [-10, 10], 'fc1+fc2', 10) | 52
(0.001, 0.0003, 1, 1000, 50000, 1, 1, [-10, 10], 'fc1+fc2', 20) | 53
(0.001, 0.0003, 1, 1000, 50000, 1, 1, [-20, 20], 'fc1', 10) | 54
(0.001, 0.0003, 1, 1000, 50000, 1, 1, [-20, 20], 'fc1', 20) | 55
(0.001, 0.0003, 1, 1000, 50000, 1, 1, [-20, 20], 'fc2', 10) | 56
(0.001, 0.0003, 1, 1000, 50000, 1, 1, [-20, 20], 'fc2', 20) | 57
(0.001, 0.0003, 1, 1000, 50000, 1, 1, [-20, 20], 'fc1+fc2', 10) | 58
(0.001, 0.0003, 1, 1000, 50000, 1, 1, [-20, 20], 'fc1+fc2', 20) | 59
(0.001, 0.001, 1, 1000, 50000, 1, 0, [-1, 1], 'fc1', 10) | 0
(0.001, 0.001, 1, 1000, 50000, 1, 1, [-1, 1], 'fc1', 10) | 30
(0.001, 0.001, 1, 1000, 50000, 1, 1, [-1, 1], 'fc1', 20) | 31
(0.001, 0.001, 1, 1000, 50000, 1, 1, [-1, 1], 'fc2', 10) | 32
(0.001, 0.001, 1, 1000, 50000, 1, 1, [-1, 1], 'fc2', 20) | 33
(0.001, 0.001, 1, 1000, 50000, 1, 1, [-1, 1], 'fc1+fc2', 10) | 34
(0.001, 0.001, 1, 1000, 50000, 1, 1, [-1, 1], 'fc1+fc2', 20) | 35
(0.001, 0.001, 1, 1000, 50000, 1, 1, [-2, 2], 'fc1', 10) | 36
(0.001, 0.001, 1, 1000, 50000, 1, 1, [-2, 2], 'fc1', 20) | 37
(0.001, 0.001, 1, 1000, 50000, 1, 1, [-2, 2], 'fc2', 10) | 38
(0.001, 0.001, 1, 1000, 50000, 1, 1, [-2, 2], 'fc2', 20) | 39
(0.001, 0.001, 1, 1000, 50000, 1, 1, [-2, 2], 'fc1+fc2', 10) | 40
(0.001, 0.001, 1, 1000, 50000, 1, 1, [-2, 2], 'fc1+fc2', 20) | 41
(0.001, 0.001, 1, 1000, 50000, 1, 1, [-5, 5], 'fc1', 10) | 42
(0.001, 0.001, 1, 1000, 50000, 1, 1, [-5, 5], 'fc1', 20) | 43
(0.001, 0.001, 1, 1000, 50000, 1, 1, [-5, 5], 'fc2', 10) | 44
(0.001, 0.001, 1, 1000, 50000, 1, 1, [-5, 5], 'fc2', 20) | 45
(0.001, 0.001, 1, 1000, 50000, 1, 1, [-5, 5], 'fc1+fc2', 10) | 46
(0.001, 0.001, 1, 1000, 50000, 1, 1, [-5, 5], 'fc1+fc2', 20) | 47
(0.001, 0.001, 1, 1000, 50000, 1, 1, [-10, 10], 'fc1', 10) | 48
(0.001, 0.001, 1, 1000, 50000, 1, 1, [-10, 10], 'fc1', 20) | 49
(0.001, 0.001, 1, 1000, 50000, 1, 1, [-10, 10], 'fc2', 10) | 50
(0.001, 0.001, 1, 1000, 50000, 1, 1, [-10, 10], 'fc2', 20) | 51
(0.001, 0.001, 1, 1000, 50000, 1, 1, [-10, 10], 'fc1+fc2', 10) | 52
(0.001, 0.001, 1, 1000, 50000, 1, 1, [-10, 10], 'fc1+fc2', 20) | 53
(0.001, 0.001, 1, 1000, 50000, 1, 1, [-20, 20], 'fc1', 10) | 54
(0.001, 0.001, 1, 1000, 50000, 1, 1, [-20, 20], 'fc1', 20) | 55
(0.001, 0.001, 1, 1000, 50000, 1, 1, [-20, 20], 'fc2', 10) | 56
(0.001, 0.001, 1, 1000, 50000, 1, 1, [-20, 20], 'fc2', 20) | 57
(0.001, 0.001, 1, 1000, 50000, 1, 1, [-20, 20], 'fc1+fc2', 10) | 58
(0.001, 0.001, 1, 1000, 50000, 1, 1, [-20, 20], 'fc1+fc2', 20) | 59
(0.001, 0.003, 1, 1000, 50000, 1, 0, [-1, 1], 'fc1', 10) | 0
(0.001, 0.003, 1, 1000, 50000, 1, 1, [-1, 1], 'fc1', 10) | 30
(0.001, 0.003, 1, 1000, 50000, 1, 1, [-1, 1], 'fc1', 20) | 31
(0.001, 0.003, 1, 1000, 50000, 1, 1, [-1, 1], 'fc2', 10) | 32
(0.001, 0.003, 1, 1000, 50000, 1, 1, [-1, 1], 'fc2', 20) | 33
(0.001, 0.003, 1, 1000, 50000, 1, 1, [-1, 1], 'fc1+fc2', 10) | 34
(0.001, 0.003, 1, 1000, 50000, 1, 1, [-1, 1], 'fc1+fc2', 20) | 35
(0.001, 0.003, 1, 1000, 50000, 1, 1, [-2, 2], 'fc1', 10) | 36
(0.001, 0.003, 1, 1000, 50000, 1, 1, [-2, 2], 'fc1', 20) | 37
(0.001, 0.003, 1, 1000, 50000, 1, 1, [-2, 2], 'fc2', 10) | 38
(0.001, 0.003, 1, 1000, 50000, 1, 1, [-2, 2], 'fc2', 20) | 39
(0.001, 0.003, 1, 1000, 50000, 1, 1, [-2, 2], 'fc1+fc2', 10) | 40
(0.001, 0.003, 1, 1000, 50000, 1, 1, [-2, 2], 'fc1+fc2', 20) | 41
(0.001, 0.003, 1, 1000, 50000, 1, 1, [-5, 5], 'fc1', 10) | 42
(0.001, 0.003, 1, 1000, 50000, 1, 1, [-5, 5], 'fc1', 20) | 43
(0.001, 0.003, 1, 1000, 50000, 1, 1, [-5, 5], 'fc2', 10) | 44
(0.001, 0.003, 1, 1000, 50000, 1, 1, [-5, 5], 'fc2', 20) | 45
(0.001, 0.003, 1, 1000, 50000, 1, 1, [-5, 5], 'fc1+fc2', 10) | 46
(0.001, 0.003, 1, 1000, 50000, 1, 1, [-5, 5], 'fc1+fc2', 20) | 47
(0.001, 0.003, 1, 1000, 50000, 1, 1, [-10, 10], 'fc1', 10) | 48
(0.001, 0.003, 1, 1000, 50000, 1, 1, [-10, 10], 'fc1', 20) | 49
(0.001, 0.003, 1, 1000, 50000, 1, 1, [-10, 10], 'fc2', 10) | 50
(0.001, 0.003, 1, 1000, 50000, 1, 1, [-10, 10], 'fc2', 20) | 51
(0.001, 0.003, 1, 1000, 50000, 1, 1, [-10, 10], 'fc1+fc2', 10) | 52
(0.001, 0.003, 1, 1000, 50000, 1, 1, [-10, 10], 'fc1+fc2', 20) | 53
(0.001, 0.003, 1, 1000, 50000, 1, 1, [-20, 20], 'fc1', 10) | 54
(0.001, 0.003, 1, 1000, 50000, 1, 1, [-20, 20], 'fc1', 20) | 55
(0.001, 0.003, 1, 1000, 50000, 1, 1, [-20, 20], 'fc2', 10) | 56
(0.001, 0.003, 1, 1000, 50000, 1, 1, [-20, 20], 'fc2', 20) | 57
(0.001, 0.003, 1, 1000, 50000, 1, 1, [-20, 20], 'fc1+fc2', 10) | 58
(0.001, 0.003, 1, 1000, 50000, 1, 1, [-20, 20], 'fc1+fc2', 20) | 59
(0.001, 0.01, 1, 1000, 50000, 1, 0, [-1, 1], 'fc1', 10) | 0
(0.001, 0.01, 1, 1000, 50000, 1, 1, [-1, 1], 'fc1', 10) | 30
(0.001, 0.01, 1, 1000, 50000, 1, 1, [-1, 1], 'fc1', 20) | 31
(0.001, 0.01, 1, 1000, 50000, 1, 1, [-1, 1], 'fc2', 10) | 32
(0.001, 0.01, 1, 1000, 50000, 1, 1, [-1, 1], 'fc2', 20) | 33
(0.001, 0.01, 1, 1000, 50000, 1, 1, [-1, 1], 'fc1+fc2', 10) | 34
(0.001, 0.01, 1, 1000, 50000, 1, 1, [-1, 1], 'fc1+fc2', 20) | 35
(0.001, 0.01, 1, 1000, 50000, 1, 1, [-2, 2], 'fc1', 10) | 36
(0.001, 0.01, 1, 1000, 50000, 1, 1, [-2, 2], 'fc1', 20) | 37
(0.001, 0.01, 1, 1000, 50000, 1, 1, [-2, 2], 'fc2', 10) | 38
(0.001, 0.01, 1, 1000, 50000, 1, 1, [-2, 2], 'fc2', 20) | 39
(0.001, 0.01, 1, 1000, 50000, 1, 1, [-2, 2], 'fc1+fc2', 10) | 40
(0.001, 0.01, 1, 1000, 50000, 1, 1, [-2, 2], 'fc1+fc2', 20) | 41
(0.001, 0.01, 1, 1000, 50000, 1, 1, [-5, 5], 'fc1', 10) | 42
(0.001, 0.01, 1, 1000, 50000, 1, 1, [-5, 5], 'fc1', 20) | 43
(0.001, 0.01, 1, 1000, 50000, 1, 1, [-5, 5], 'fc2', 10) | 44
(0.001, 0.01, 1, 1000, 50000, 1, 1, [-5, 5], 'fc2', 20) | 45
(0.001, 0.01, 1, 1000, 50000, 1, 1, [-5, 5], 'fc1+fc2', 10) | 46
(0.001, 0.01, 1, 1000, 50000, 1, 1, [-5, 5], 'fc1+fc2', 20) | 47
(0.001, 0.01, 1, 1000, 50000, 1, 1, [-10, 10], 'fc1', 10) | 48
(0.001, 0.01, 1, 1000, 50000, 1, 1, [-10, 10], 'fc1', 20) | 49
(0.001, 0.01, 1, 1000, 50000, 1, 1, [-10, 10], 'fc2', 10) | 50
(0.001, 0.01, 1, 1000, 50000, 1, 1, [-10, 10], 'fc2', 20) | 51
(0.001, 0.01, 1, 1000, 50000, 1, 1, [-10, 10], 'fc1+fc2', 10) | 52
(0.001, 0.01, 1, 1000, 50000, 1, 1, [-10, 10], 'fc1+fc2', 20) | 53
(0.001, 0.01, 1, 1000, 50000, 1, 1, [-20, 20], 'fc1', 10) | 54
(0.001, 0.01, 1, 1000, 50000, 1, 1, [-20, 20], 'fc1', 20) | 55
(0.001, 0.01, 1, 1000, 50000, 1, 1, [-20, 20], 'fc2', 10) | 56
(0.001, 0.01, 1, 1000, 50000, 1, 1, [-20, 20], 'fc2', 20) | 57
(0.001, 0.01, 1, 1000, 50000, 1, 1, [-20, 20], 'fc1+fc2', 10) | 58
(0.001, 0.01, 1, 1000, 50000, 1, 1, [-20, 20], 'fc1+fc2', 20) | 59
(0.001, 0.03, 1, 1000, 50000, 1, 0, [-1, 1], 'fc1', 10) | 0
(0.001, 0.03, 1, 1000, 50000, 1, 1, [-1, 1], 'fc1', 10) | 30
(0.001, 0.03, 1, 1000, 50000, 1, 1, [-1, 1], 'fc1', 20) | 31
(0.001, 0.03, 1, 1000, 50000, 1, 1, [-1, 1], 'fc2', 10) | 32
(0.001, 0.03, 1, 1000, 50000, 1, 1, [-1, 1], 'fc2', 20) | 33
(0.001, 0.03, 1, 1000, 50000, 1, 1, [-1, 1], 'fc1+fc2', 10) | 34
(0.001, 0.03, 1, 1000, 50000, 1, 1, [-1, 1], 'fc1+fc2', 20) | 35
(0.001, 0.03, 1, 1000, 50000, 1, 1, [-2, 2], 'fc1', 10) | 36
(0.001, 0.03, 1, 1000, 50000, 1, 1, [-2, 2], 'fc1', 20) | 37
(0.001, 0.03, 1, 1000, 50000, 1, 1, [-2, 2], 'fc2', 10) | 38
(0.001, 0.03, 1, 1000, 50000, 1, 1, [-2, 2], 'fc2', 20) | 39
(0.001, 0.03, 1, 1000, 50000, 1, 1, [-2, 2], 'fc1+fc2', 10) | 40
(0.001, 0.03, 1, 1000, 50000, 1, 1, [-2, 2], 'fc1+fc2', 20) | 41
(0.001, 0.03, 1, 1000, 50000, 1, 1, [-5, 5], 'fc1', 10) | 42
(0.001, 0.03, 1, 1000, 50000, 1, 1, [-5, 5], 'fc1', 20) | 43
(0.001, 0.03, 1, 1000, 50000, 1, 1, [-5, 5], 'fc2', 10) | 44
(0.001, 0.03, 1, 1000, 50000, 1, 1, [-5, 5], 'fc2', 20) | 45
(0.001, 0.03, 1, 1000, 50000, 1, 1, [-5, 5], 'fc1+fc2', 10) | 46
(0.001, 0.03, 1, 1000, 50000, 1, 1, [-5, 5], 'fc1+fc2', 20) | 47
(0.001, 0.03, 1, 1000, 50000, 1, 1, [-10, 10], 'fc1', 10) | 48
(0.001, 0.03, 1, 1000, 50000, 1, 1, [-10, 10], 'fc1', 20) | 49
(0.001, 0.03, 1, 1000, 50000, 1, 1, [-10, 10], 'fc2', 10) | 50
(0.001, 0.03, 1, 1000, 50000, 1, 1, [-10, 10], 'fc2', 20) | 51
(0.001, 0.03, 1, 1000, 50000, 1, 1, [-10, 10], 'fc1+fc2', 10) | 52
(0.001, 0.03, 1, 1000, 50000, 1, 1, [-10, 10], 'fc1+fc2', 20) | 53
(0.001, 0.03, 1, 1000, 50000, 1, 1, [-20, 20], 'fc1', 10) | 54
(0.001, 0.03, 1, 1000, 50000, 1, 1, [-20, 20], 'fc1', 20) | 55
(0.001, 0.03, 1, 1000, 50000, 1, 1, [-20, 20], 'fc2', 10) | 56
(0.001, 0.03, 1, 1000, 50000, 1, 1, [-20, 20], 'fc2', 20) | 57
(0.001, 0.03, 1, 1000, 50000, 1, 1, [-20, 20], 'fc1+fc2', 10) | 58
(0.001, 0.03, 1, 1000, 50000, 1, 1, [-20, 20], 'fc1+fc2', 20) | 59
(0.001, 0.1, 1, 1000, 50000, 1, 0, [-1, 1], 'fc1', 10) | 0
(0.001, 0.1, 1, 1000, 50000, 1, 1, [-1, 1], 'fc1', 10) | 30
(0.001, 0.1, 1, 1000, 50000, 1, 1, [-1, 1], 'fc1', 20) | 31
(0.001, 0.1, 1, 1000, 50000, 1, 1, [-1, 1], 'fc2', 10) | 32
(0.001, 0.1, 1, 1000, 50000, 1, 1, [-1, 1], 'fc2', 20) | 33
(0.001, 0.1, 1, 1000, 50000, 1, 1, [-1, 1], 'fc1+fc2', 10) | 34
(0.001, 0.1, 1, 1000, 50000, 1, 1, [-1, 1], 'fc1+fc2', 20) | 35
(0.001, 0.1, 1, 1000, 50000, 1, 1, [-2, 2], 'fc1', 10) | 36
(0.001, 0.1, 1, 1000, 50000, 1, 1, [-2, 2], 'fc1', 20) | 37
(0.001, 0.1, 1, 1000, 50000, 1, 1, [-2, 2], 'fc2', 10) | 38
(0.001, 0.1, 1, 1000, 50000, 1, 1, [-2, 2], 'fc2', 20) | 39
(0.001, 0.1, 1, 1000, 50000, 1, 1, [-2, 2], 'fc1+fc2', 10) | 40
(0.001, 0.1, 1, 1000, 50000, 1, 1, [-2, 2], 'fc1+fc2', 20) | 41
(0.001, 0.1, 1, 1000, 50000, 1, 1, [-5, 5], 'fc1', 10) | 42
(0.001, 0.1, 1, 1000, 50000, 1, 1, [-5, 5], 'fc1', 20) | 43
(0.001, 0.1, 1, 1000, 50000, 1, 1, [-5, 5], 'fc2', 10) | 44
(0.001, 0.1, 1, 1000, 50000, 1, 1, [-5, 5], 'fc2', 20) | 45
(0.001, 0.1, 1, 1000, 50000, 1, 1, [-5, 5], 'fc1+fc2', 10) | 46
(0.001, 0.1, 1, 1000, 50000, 1, 1, [-5, 5], 'fc1+fc2', 20) | 47
(0.001, 0.1, 1, 1000, 50000, 1, 1, [-10, 10], 'fc1', 10) | 48
(0.001, 0.1, 1, 1000, 50000, 1, 1, [-10, 10], 'fc1', 20) | 49
(0.001, 0.1, 1, 1000, 50000, 1, 1, [-10, 10], 'fc2', 10) | 50
(0.001, 0.1, 1, 1000, 50000, 1, 1, [-10, 10], 'fc2', 20) | 51
(0.001, 0.1, 1, 1000, 50000, 1, 1, [-10, 10], 'fc1+fc2', 10) | 52
(0.001, 0.1, 1, 1000, 50000, 1, 1, [-10, 10], 'fc1+fc2', 20) | 53
(0.001, 0.1, 1, 1000, 50000, 1, 1, [-20, 20], 'fc1', 10) | 54
(0.001, 0.1, 1, 1000, 50000, 1, 1, [-20, 20], 'fc1', 20) | 55
(0.001, 0.1, 1, 1000, 50000, 1, 1, [-20, 20], 'fc2', 10) | 56
(0.001, 0.1, 1, 1000, 50000, 1, 1, [-20, 20], 'fc2', 20) | 57
(0.001, 0.1, 1, 1000, 50000, 1, 1, [-20, 20], 'fc1+fc2', 10) | 58
(0.001, 0.1, 1, 1000, 50000, 1, 1, [-20, 20], 'fc1+fc2', 20) | 59
(0.001, 0.3, 1, 1000, 50000, 1, 0, [-1, 1], 'fc1', 10) | 0
(0.001, 0.3, 1, 1000, 50000, 1, 1, [-1, 1], 'fc1', 10) | 30
(0.001, 0.3, 1, 1000, 50000, 1, 1, [-1, 1], 'fc1', 20) | 31
(0.001, 0.3, 1, 1000, 50000, 1, 1, [-1, 1], 'fc2', 10) | 32
(0.001, 0.3, 1, 1000, 50000, 1, 1, [-1, 1], 'fc2', 20) | 33
(0.001, 0.3, 1, 1000, 50000, 1, 1, [-1, 1], 'fc1+fc2', 10) | 34
(0.001, 0.3, 1, 1000, 50000, 1, 1, [-1, 1], 'fc1+fc2', 20) | 35
(0.001, 0.3, 1, 1000, 50000, 1, 1, [-2, 2], 'fc1', 10) | 36
(0.001, 0.3, 1, 1000, 50000, 1, 1, [-2, 2], 'fc1', 20) | 37
(0.001, 0.3, 1, 1000, 50000, 1, 1, [-2, 2], 'fc2', 10) | 38
(0.001, 0.3, 1, 1000, 50000, 1, 1, [-2, 2], 'fc2', 20) | 39
(0.001, 0.3, 1, 1000, 50000, 1, 1, [-2, 2], 'fc1+fc2', 10) | 40
(0.001, 0.3, 1, 1000, 50000, 1, 1, [-2, 2], 'fc1+fc2', 20) | 41
(0.001, 0.3, 1, 1000, 50000, 1, 1, [-5, 5], 'fc1', 10) | 42
(0.001, 0.3, 1, 1000, 50000, 1, 1, [-5, 5], 'fc1', 20) | 43
(0.001, 0.3, 1, 1000, 50000, 1, 1, [-5, 5], 'fc2', 10) | 44
(0.001, 0.3, 1, 1000, 50000, 1, 1, [-5, 5], 'fc2', 20) | 45
(0.001, 0.3, 1, 1000, 50000, 1, 1, [-5, 5], 'fc1+fc2', 10) | 46
(0.001, 0.3, 1, 1000, 50000, 1, 1, [-5, 5], 'fc1+fc2', 20) | 47
(0.001, 0.3, 1, 1000, 50000, 1, 1, [-10, 10], 'fc1', 10) | 48
(0.001, 0.3, 1, 1000, 50000, 1, 1, [-10, 10], 'fc1', 20) | 49
(0.001, 0.3, 1, 1000, 50000, 1, 1, [-10, 10], 'fc2', 10) | 50
(0.001, 0.3, 1, 1000, 50000, 1, 1, [-10, 10], 'fc2', 20) | 51
(0.001, 0.3, 1, 1000, 50000, 1, 1, [-10, 10], 'fc1+fc2', 10) | 52
(0.001, 0.3, 1, 1000, 50000, 1, 1, [-10, 10], 'fc1+fc2', 20) | 53
(0.001, 0.3, 1, 1000, 50000, 1, 1, [-20, 20], 'fc1', 10) | 54
(0.001, 0.3, 1, 1000, 50000, 1, 1, [-20, 20], 'fc1', 20) | 55
(0.001, 0.3, 1, 1000, 50000, 1, 1, [-20, 20], 'fc2', 10) | 56
(0.001, 0.3, 1, 1000, 50000, 1, 1, [-20, 20], 'fc2', 20) | 57
(0.001, 0.3, 1, 1000, 50000, 1, 1, [-20, 20], 'fc1+fc2', 10) | 58
(0.001, 0.3, 1, 1000, 50000, 1, 1, [-20, 20], 'fc1+fc2', 20) | 59
(0.001, 1, 1, 1000, 50000, 1, 0, [-1, 1], 'fc1', 10) | 0
(0.001, 1, 1, 1000, 50000, 1, 1, [-1, 1], 'fc1', 10) | 30
(0.001, 1, 1, 1000, 50000, 1, 1, [-1, 1], 'fc1', 20) | 31
(0.001, 1, 1, 1000, 50000, 1, 1, [-1, 1], 'fc2', 10) | 32
(0.001, 1, 1, 1000, 50000, 1, 1, [-1, 1], 'fc2', 20) | 33
(0.001, 1, 1, 1000, 50000, 1, 1, [-1, 1], 'fc1+fc2', 10) | 34
(0.001, 1, 1, 1000, 50000, 1, 1, [-1, 1], 'fc1+fc2', 20) | 35
(0.001, 1, 1, 1000, 50000, 1, 1, [-2, 2], 'fc1', 10) | 36
(0.001, 1, 1, 1000, 50000, 1, 1, [-2, 2], 'fc1', 20) | 37
(0.001, 1, 1, 1000, 50000, 1, 1, [-2, 2], 'fc2', 10) | 38
(0.001, 1, 1, 1000, 50000, 1, 1, [-2, 2], 'fc2', 20) | 39
(0.001, 1, 1, 1000, 50000, 1, 1, [-2, 2], 'fc1+fc2', 10) | 40
(0.001, 1, 1, 1000, 50000, 1, 1, [-2, 2], 'fc1+fc2', 20) | 41
(0.001, 1, 1, 1000, 50000, 1, 1, [-5, 5], 'fc1', 10) | 42
(0.001, 1, 1, 1000, 50000, 1, 1, [-5, 5], 'fc1', 20) | 43
(0.001, 1, 1, 1000, 50000, 1, 1, [-5, 5], 'fc2', 10) | 44
(0.001, 1, 1, 1000, 50000, 1, 1, [-5, 5], 'fc2', 20) | 45
(0.001, 1, 1, 1000, 50000, 1, 1, [-5, 5], 'fc1+fc2', 10) | 46
(0.001, 1, 1, 1000, 50000, 1, 1, [-5, 5], 'fc1+fc2', 20) | 47
(0.001, 1, 1, 1000, 50000, 1, 1, [-10, 10], 'fc1', 10) | 48
(0.001, 1, 1, 1000, 50000, 1, 1, [-10, 10], 'fc1', 20) | 49
(0.001, 1, 1, 1000, 50000, 1, 1, [-10, 10], 'fc2', 10) | 50
(0.001, 1, 1, 1000, 50000, 1, 1, [-10, 10], 'fc2', 20) | 51
(0.001, 1, 1, 1000, 50000, 1, 1, [-10, 10], 'fc1+fc2', 10) | 52
(0.001, 1, 1, 1000, 50000, 1, 1, [-10, 10], 'fc1+fc2', 20) | 53
(0.001, 1, 1, 1000, 50000, 1, 1, [-20, 20], 'fc1', 10) | 54
(0.001, 1, 1, 1000, 50000, 1, 1, [-20, 20], 'fc1', 20) | 55
(0.001, 1, 1, 1000, 50000, 1, 1, [-20, 20], 'fc2', 10) | 56
(0.001, 1, 1, 1000, 50000, 1, 1, [-20, 20], 'fc2', 20) | 57
(0.001, 1, 1, 1000, 50000, 1, 1, [-20, 20], 'fc1+fc2', 10) | 58
(0.001, 1, 1, 1000, 50000, 1, 1, [-20, 20], 'fc1+fc2', 20) | 59
(0.001, 3, 1, 1000, 50000, 1, 0, [-1, 1], 'fc1', 10) | 0
(0.001, 3, 1, 1000, 50000, 1, 1, [-1, 1], 'fc1', 10) | 30
(0.001, 3, 1, 1000, 50000, 1, 1, [-1, 1], 'fc1', 20) | 31
(0.001, 3, 1, 1000, 50000, 1, 1, [-1, 1], 'fc2', 10) | 32
(0.001, 3, 1, 1000, 50000, 1, 1, [-1, 1], 'fc2', 20) | 33
(0.001, 3, 1, 1000, 50000, 1, 1, [-1, 1], 'fc1+fc2', 10) | 34
(0.001, 3, 1, 1000, 50000, 1, 1, [-1, 1], 'fc1+fc2', 20) | 35
(0.001, 3, 1, 1000, 50000, 1, 1, [-2, 2], 'fc1', 10) | 36
(0.001, 3, 1, 1000, 50000, 1, 1, [-2, 2], 'fc1', 20) | 37
(0.001, 3, 1, 1000, 50000, 1, 1, [-2, 2], 'fc2', 10) | 38
(0.001, 3, 1, 1000, 50000, 1, 1, [-2, 2], 'fc2', 20) | 39
(0.001, 3, 1, 1000, 50000, 1, 1, [-2, 2], 'fc1+fc2', 10) | 40
(0.001, 3, 1, 1000, 50000, 1, 1, [-2, 2], 'fc1+fc2', 20) | 41
(0.001, 3, 1, 1000, 50000, 1, 1, [-5, 5], 'fc1', 10) | 42
(0.001, 3, 1, 1000, 50000, 1, 1, [-5, 5], 'fc1', 20) | 43
(0.001, 3, 1, 1000, 50000, 1, 1, [-5, 5], 'fc2', 10) | 44
(0.001, 3, 1, 1000, 50000, 1, 1, [-5, 5], 'fc2', 20) | 45
(0.001, 3, 1, 1000, 50000, 1, 1, [-5, 5], 'fc1+fc2', 10) | 46
(0.001, 3, 1, 1000, 50000, 1, 1, [-5, 5], 'fc1+fc2', 20) | 47
(0.001, 3, 1, 1000, 50000, 1, 1, [-10, 10], 'fc1', 10) | 48
(0.001, 3, 1, 1000, 50000, 1, 1, [-10, 10], 'fc1', 20) | 49
(0.001, 3, 1, 1000, 50000, 1, 1, [-10, 10], 'fc2', 10) | 50
(0.001, 3, 1, 1000, 50000, 1, 1, [-10, 10], 'fc2', 20) | 51
(0.001, 3, 1, 1000, 50000, 1, 1, [-10, 10], 'fc1+fc2', 10) | 52
(0.001, 3, 1, 1000, 50000, 1, 1, [-10, 10], 'fc1+fc2', 20) | 53
(0.001, 3, 1, 1000, 50000, 1, 1, [-20, 20], 'fc1', 10) | 54
(0.001, 3, 1, 1000, 50000, 1, 1, [-20, 20], 'fc1', 20) | 55
(0.001, 3, 1, 1000, 50000, 1, 1, [-20, 20], 'fc2', 10) | 56
(0.001, 3, 1, 1000, 50000, 1, 1, [-20, 20], 'fc2', 20) | 57
(0.001, 3, 1, 1000, 50000, 1, 1, [-20, 20], 'fc1+fc2', 10) | 58
(0.001, 3, 1, 1000, 50000, 1, 1, [-20, 20], 'fc1+fc2', 20) | 59
(0.00031622776601683794, 0.0001, 1, 1000, 50000, 1, 0, [-1, 1], 'fc1', 10) | 0
(0.00031622776601683794, 0.0001, 1, 1000, 50000, 1, 1, [-1, 1], 'fc1', 10) | 30
(0.00031622776601683794, 0.0001, 1, 1000, 50000, 1, 1, [-1, 1], 'fc1', 20) | 31
(0.00031622776601683794, 0.0001, 1, 1000, 50000, 1, 1, [-1, 1], 'fc2', 10) | 32
(0.00031622776601683794, 0.0001, 1, 1000, 50000, 1, 1, [-1, 1], 'fc2', 20) | 33
(0.00031622776601683794, 0.0001, 1, 1000, 50000, 1, 1, [-1, 1], 'fc1+fc2', 10) | 34
(0.00031622776601683794, 0.0001, 1, 1000, 50000, 1, 1, [-1, 1], 'fc1+fc2', 20) | 35
(0.00031622776601683794, 0.0001, 1, 1000, 50000, 1, 1, [-2, 2], 'fc1', 10) | 36
(0.00031622776601683794, 0.0001, 1, 1000, 50000, 1, 1, [-2, 2], 'fc1', 20) | 37
(0.00031622776601683794, 0.0001, 1, 1000, 50000, 1, 1, [-2, 2], 'fc2', 10) | 38
(0.00031622776601683794, 0.0001, 1, 1000, 50000, 1, 1, [-2, 2], 'fc2', 20) | 39
(0.00031622776601683794, 0.0001, 1, 1000, 50000, 1, 1, [-2, 2], 'fc1+fc2', 10) | 40
(0.00031622776601683794, 0.0001, 1, 1000, 50000, 1, 1, [-2, 2], 'fc1+fc2', 20) | 41
(0.00031622776601683794, 0.0001, 1, 1000, 50000, 1, 1, [-5, 5], 'fc1', 10) | 42
(0.00031622776601683794, 0.0001, 1, 1000, 50000, 1, 1, [-5, 5], 'fc1', 20) | 43
(0.00031622776601683794, 0.0001, 1, 1000, 50000, 1, 1, [-5, 5], 'fc2', 10) | 44
(0.00031622776601683794, 0.0001, 1, 1000, 50000, 1, 1, [-5, 5], 'fc2', 20) | 45
(0.00031622776601683794, 0.0001, 1, 1000, 50000, 1, 1, [-5, 5], 'fc1+fc2', 10) | 46
(0.00031622776601683794, 0.0001, 1, 1000, 50000, 1, 1, [-5, 5], 'fc1+fc2', 20) | 47
(0.00031622776601683794, 0.0001, 1, 1000, 50000, 1, 1, [-10, 10], 'fc1', 10) | 48
(0.00031622776601683794, 0.0001, 1, 1000, 50000, 1, 1, [-10, 10], 'fc1', 20) | 49
(0.00031622776601683794, 0.0001, 1, 1000, 50000, 1, 1, [-10, 10], 'fc2', 10) | 50
(0.00031622776601683794, 0.0001, 1, 1000, 50000, 1, 1, [-10, 10], 'fc2', 20) | 51
(0.00031622776601683794, 0.0001, 1, 1000, 50000, 1, 1, [-10, 10], 'fc1+fc2', 10) | 52
(0.00031622776601683794, 0.0001, 1, 1000, 50000, 1, 1, [-10, 10], 'fc1+fc2', 20) | 53
(0.00031622776601683794, 0.0001, 1, 1000, 50000, 1, 1, [-20, 20], 'fc1', 10) | 54
(0.00031622776601683794, 0.0001, 1, 1000, 50000, 1, 1, [-20, 20], 'fc1', 20) | 55
(0.00031622776601683794, 0.0001, 1, 1000, 50000, 1, 1, [-20, 20], 'fc2', 10) | 56
(0.00031622776601683794, 0.0001, 1, 1000, 50000, 1, 1, [-20, 20], 'fc2', 20) | 57
(0.00031622776601683794, 0.0001, 1, 1000, 50000, 1, 1, [-20, 20], 'fc1+fc2', 10) | 58
(0.00031622776601683794, 0.0001, 1, 1000, 50000, 1, 1, [-20, 20], 'fc1+fc2', 20) | 59
(0.00031622776601683794, 0.0003, 1, 1000, 50000, 1, 0, [-1, 1], 'fc1', 10) | 0
(0.00031622776601683794, 0.0003, 1, 1000, 50000, 1, 1, [-1, 1], 'fc1', 10) | 30
(0.00031622776601683794, 0.0003, 1, 1000, 50000, 1, 1, [-1, 1], 'fc1', 20) | 31
(0.00031622776601683794, 0.0003, 1, 1000, 50000, 1, 1, [-1, 1], 'fc2', 10) | 32
(0.00031622776601683794, 0.0003, 1, 1000, 50000, 1, 1, [-1, 1], 'fc2', 20) | 33
(0.00031622776601683794, 0.0003, 1, 1000, 50000, 1, 1, [-1, 1], 'fc1+fc2', 10) | 34
(0.00031622776601683794, 0.0003, 1, 1000, 50000, 1, 1, [-1, 1], 'fc1+fc2', 20) | 35
(0.00031622776601683794, 0.0003, 1, 1000, 50000, 1, 1, [-2, 2], 'fc1', 10) | 36
(0.00031622776601683794, 0.0003, 1, 1000, 50000, 1, 1, [-2, 2], 'fc1', 20) | 37
(0.00031622776601683794, 0.0003, 1, 1000, 50000, 1, 1, [-2, 2], 'fc2', 10) | 38
(0.00031622776601683794, 0.0003, 1, 1000, 50000, 1, 1, [-2, 2], 'fc2', 20) | 39
(0.00031622776601683794, 0.0003, 1, 1000, 50000, 1, 1, [-2, 2], 'fc1+fc2', 10) | 40
(0.00031622776601683794, 0.0003, 1, 1000, 50000, 1, 1, [-2, 2], 'fc1+fc2', 20) | 41
(0.00031622776601683794, 0.0003, 1, 1000, 50000, 1, 1, [-5, 5], 'fc1', 10) | 42
(0.00031622776601683794, 0.0003, 1, 1000, 50000, 1, 1, [-5, 5], 'fc1', 20) | 43
(0.00031622776601683794, 0.0003, 1, 1000, 50000, 1, 1, [-5, 5], 'fc2', 10) | 44
(0.00031622776601683794, 0.0003, 1, 1000, 50000, 1, 1, [-5, 5], 'fc2', 20) | 45
(0.00031622776601683794, 0.0003, 1, 1000, 50000, 1, 1, [-5, 5], 'fc1+fc2', 10) | 46
(0.00031622776601683794, 0.0003, 1, 1000, 50000, 1, 1, [-5, 5], 'fc1+fc2', 20) | 47
(0.00031622776601683794, 0.0003, 1, 1000, 50000, 1, 1, [-10, 10], 'fc1', 10) | 48
(0.00031622776601683794, 0.0003, 1, 1000, 50000, 1, 1, [-10, 10], 'fc1', 20) | 49
(0.00031622776601683794, 0.0003, 1, 1000, 50000, 1, 1, [-10, 10], 'fc2', 10) | 50
(0.00031622776601683794, 0.0003, 1, 1000, 50000, 1, 1, [-10, 10], 'fc2', 20) | 51
(0.00031622776601683794, 0.0003, 1, 1000, 50000, 1, 1, [-10, 10], 'fc1+fc2', 10) | 52
(0.00031622776601683794, 0.0003, 1, 1000, 50000, 1, 1, [-10, 10], 'fc1+fc2', 20) | 53
(0.00031622776601683794, 0.0003, 1, 1000, 50000, 1, 1, [-20, 20], 'fc1', 10) | 54
(0.00031622776601683794, 0.0003, 1, 1000, 50000, 1, 1, [-20, 20], 'fc1', 20) | 55
(0.00031622776601683794, 0.0003, 1, 1000, 50000, 1, 1, [-20, 20], 'fc2', 10) | 56
(0.00031622776601683794, 0.0003, 1, 1000, 50000, 1, 1, [-20, 20], 'fc2', 20) | 57
(0.00031622776601683794, 0.0003, 1, 1000, 50000, 1, 1, [-20, 20], 'fc1+fc2', 10) | 58
(0.00031622776601683794, 0.0003, 1, 1000, 50000, 1, 1, [-20, 20], 'fc1+fc2', 20) | 59
(0.00031622776601683794, 0.001, 1, 1000, 50000, 1, 0, [-1, 1], 'fc1', 10) | 0
(0.00031622776601683794, 0.001, 1, 1000, 50000, 1, 1, [-1, 1], 'fc1', 10) | 30
(0.00031622776601683794, 0.001, 1, 1000, 50000, 1, 1, [-1, 1], 'fc1', 20) | 31
(0.00031622776601683794, 0.001, 1, 1000, 50000, 1, 1, [-1, 1], 'fc2', 10) | 32
(0.00031622776601683794, 0.001, 1, 1000, 50000, 1, 1, [-1, 1], 'fc2', 20) | 33
(0.00031622776601683794, 0.001, 1, 1000, 50000, 1, 1, [-1, 1], 'fc1+fc2', 10) | 34
(0.00031622776601683794, 0.001, 1, 1000, 50000, 1, 1, [-1, 1], 'fc1+fc2', 20) | 35
(0.00031622776601683794, 0.001, 1, 1000, 50000, 1, 1, [-2, 2], 'fc1', 10) | 36
(0.00031622776601683794, 0.001, 1, 1000, 50000, 1, 1, [-2, 2], 'fc1', 20) | 37
(0.00031622776601683794, 0.001, 1, 1000, 50000, 1, 1, [-2, 2], 'fc2', 10) | 38
(0.00031622776601683794, 0.001, 1, 1000, 50000, 1, 1, [-2, 2], 'fc2', 20) | 39
(0.00031622776601683794, 0.001, 1, 1000, 50000, 1, 1, [-2, 2], 'fc1+fc2', 10) | 40
(0.00031622776601683794, 0.001, 1, 1000, 50000, 1, 1, [-2, 2], 'fc1+fc2', 20) | 41
(0.00031622776601683794, 0.001, 1, 1000, 50000, 1, 1, [-5, 5], 'fc1', 10) | 42
(0.00031622776601683794, 0.001, 1, 1000, 50000, 1, 1, [-5, 5], 'fc1', 20) | 43
(0.00031622776601683794, 0.001, 1, 1000, 50000, 1, 1, [-5, 5], 'fc2', 10) | 44
(0.00031622776601683794, 0.001, 1, 1000, 50000, 1, 1, [-5, 5], 'fc2', 20) | 45
(0.00031622776601683794, 0.001, 1, 1000, 50000, 1, 1, [-5, 5], 'fc1+fc2', 10) | 46
(0.00031622776601683794, 0.001, 1, 1000, 50000, 1, 1, [-5, 5], 'fc1+fc2', 20) | 47
(0.00031622776601683794, 0.001, 1, 1000, 50000, 1, 1, [-10, 10], 'fc1', 10) | 48
(0.00031622776601683794, 0.001, 1, 1000, 50000, 1, 1, [-10, 10], 'fc1', 20) | 49
(0.00031622776601683794, 0.001, 1, 1000, 50000, 1, 1, [-10, 10], 'fc2', 10) | 50
(0.00031622776601683794, 0.001, 1, 1000, 50000, 1, 1, [-10, 10], 'fc2', 20) | 51
(0.00031622776601683794, 0.001, 1, 1000, 50000, 1, 1, [-10, 10], 'fc1+fc2', 10) | 52
(0.00031622776601683794, 0.001, 1, 1000, 50000, 1, 1, [-10, 10], 'fc1+fc2', 20) | 53
(0.00031622776601683794, 0.001, 1, 1000, 50000, 1, 1, [-20, 20], 'fc1', 10) | 54
(0.00031622776601683794, 0.001, 1, 1000, 50000, 1, 1, [-20, 20], 'fc1', 20) | 55
(0.00031622776601683794, 0.001, 1, 1000, 50000, 1, 1, [-20, 20], 'fc2', 10) | 56
(0.00031622776601683794, 0.001, 1, 1000, 50000, 1, 1, [-20, 20], 'fc2', 20) | 57
(0.00031622776601683794, 0.001, 1, 1000, 50000, 1, 1, [-20, 20], 'fc1+fc2', 10) | 58
(0.00031622776601683794, 0.001, 1, 1000, 50000, 1, 1, [-20, 20], 'fc1+fc2', 20) | 59
(0.00031622776601683794, 0.003, 1, 1000, 50000, 1, 0, [-1, 1], 'fc1', 10) | 0
(0.00031622776601683794, 0.003, 1, 1000, 50000, 1, 1, [-1, 1], 'fc1', 10) | 30
(0.00031622776601683794, 0.003, 1, 1000, 50000, 1, 1, [-1, 1], 'fc1', 20) | 31
(0.00031622776601683794, 0.003, 1, 1000, 50000, 1, 1, [-1, 1], 'fc2', 10) | 32
(0.00031622776601683794, 0.003, 1, 1000, 50000, 1, 1, [-1, 1], 'fc2', 20) | 33
(0.00031622776601683794, 0.003, 1, 1000, 50000, 1, 1, [-1, 1], 'fc1+fc2', 10) | 34
(0.00031622776601683794, 0.003, 1, 1000, 50000, 1, 1, [-1, 1], 'fc1+fc2', 20) | 35
(0.00031622776601683794, 0.003, 1, 1000, 50000, 1, 1, [-2, 2], 'fc1', 10) | 36
(0.00031622776601683794, 0.003, 1, 1000, 50000, 1, 1, [-2, 2], 'fc1', 20) | 37
(0.00031622776601683794, 0.003, 1, 1000, 50000, 1, 1, [-2, 2], 'fc2', 10) | 38
(0.00031622776601683794, 0.003, 1, 1000, 50000, 1, 1, [-2, 2], 'fc2', 20) | 39
(0.00031622776601683794, 0.003, 1, 1000, 50000, 1, 1, [-2, 2], 'fc1+fc2', 10) | 40
(0.00031622776601683794, 0.003, 1, 1000, 50000, 1, 1, [-2, 2], 'fc1+fc2', 20) | 41
(0.00031622776601683794, 0.003, 1, 1000, 50000, 1, 1, [-5, 5], 'fc1', 10) | 42
(0.00031622776601683794, 0.003, 1, 1000, 50000, 1, 1, [-5, 5], 'fc1', 20) | 43
(0.00031622776601683794, 0.003, 1, 1000, 50000, 1, 1, [-5, 5], 'fc2', 10) | 44
(0.00031622776601683794, 0.003, 1, 1000, 50000, 1, 1, [-5, 5], 'fc2', 20) | 45
(0.00031622776601683794, 0.003, 1, 1000, 50000, 1, 1, [-5, 5], 'fc1+fc2', 10) | 46
(0.00031622776601683794, 0.003, 1, 1000, 50000, 1, 1, [-5, 5], 'fc1+fc2', 20) | 47
(0.00031622776601683794, 0.003, 1, 1000, 50000, 1, 1, [-10, 10], 'fc1', 10) | 48
(0.00031622776601683794, 0.003, 1, 1000, 50000, 1, 1, [-10, 10], 'fc1', 20) | 49
(0.00031622776601683794, 0.003, 1, 1000, 50000, 1, 1, [-10, 10], 'fc2', 10) | 50
(0.00031622776601683794, 0.003, 1, 1000, 50000, 1, 1, [-10, 10], 'fc2', 20) | 51
(0.00031622776601683794, 0.003, 1, 1000, 50000, 1, 1, [-10, 10], 'fc1+fc2', 10) | 52
(0.00031622776601683794, 0.003, 1, 1000, 50000, 1, 1, [-10, 10], 'fc1+fc2', 20) | 53
(0.00031622776601683794, 0.003, 1, 1000, 50000, 1, 1, [-20, 20], 'fc1', 10) | 54
(0.00031622776601683794, 0.003, 1, 1000, 50000, 1, 1, [-20, 20], 'fc1', 20) | 55
(0.00031622776601683794, 0.003, 1, 1000, 50000, 1, 1, [-20, 20], 'fc2', 10) | 56
(0.00031622776601683794, 0.003, 1, 1000, 50000, 1, 1, [-20, 20], 'fc2', 20) | 57
(0.00031622776601683794, 0.003, 1, 1000, 50000, 1, 1, [-20, 20], 'fc1+fc2', 10) | 58
(0.00031622776601683794, 0.003, 1, 1000, 50000, 1, 1, [-20, 20], 'fc1+fc2', 20) | 59
(0.00031622776601683794, 0.01, 1, 1000, 50000, 1, 0, [-1, 1], 'fc1', 10) | 0
(0.00031622776601683794, 0.01, 1, 1000, 50000, 1, 1, [-1, 1], 'fc1', 10) | 30
(0.00031622776601683794, 0.01, 1, 1000, 50000, 1, 1, [-1, 1], 'fc1', 20) | 31
(0.00031622776601683794, 0.01, 1, 1000, 50000, 1, 1, [-1, 1], 'fc2', 10) | 32
(0.00031622776601683794, 0.01, 1, 1000, 50000, 1, 1, [-1, 1], 'fc2', 20) | 33
(0.00031622776601683794, 0.01, 1, 1000, 50000, 1, 1, [-1, 1], 'fc1+fc2', 10) | 34
(0.00031622776601683794, 0.01, 1, 1000, 50000, 1, 1, [-1, 1], 'fc1+fc2', 20) | 35
(0.00031622776601683794, 0.01, 1, 1000, 50000, 1, 1, [-2, 2], 'fc1', 10) | 36
(0.00031622776601683794, 0.01, 1, 1000, 50000, 1, 1, [-2, 2], 'fc1', 20) | 37
(0.00031622776601683794, 0.01, 1, 1000, 50000, 1, 1, [-2, 2], 'fc2', 10) | 38
(0.00031622776601683794, 0.01, 1, 1000, 50000, 1, 1, [-2, 2], 'fc2', 20) | 39
(0.00031622776601683794, 0.01, 1, 1000, 50000, 1, 1, [-2, 2], 'fc1+fc2', 10) | 40
(0.00031622776601683794, 0.01, 1, 1000, 50000, 1, 1, [-2, 2], 'fc1+fc2', 20) | 41
(0.00031622776601683794, 0.01, 1, 1000, 50000, 1, 1, [-5, 5], 'fc1', 10) | 42
(0.00031622776601683794, 0.01, 1, 1000, 50000, 1, 1, [-5, 5], 'fc1', 20) | 43
(0.00031622776601683794, 0.01, 1, 1000, 50000, 1, 1, [-5, 5], 'fc2', 10) | 44
(0.00031622776601683794, 0.01, 1, 1000, 50000, 1, 1, [-5, 5], 'fc2', 20) | 45
(0.00031622776601683794, 0.01, 1, 1000, 50000, 1, 1, [-5, 5], 'fc1+fc2', 10) | 46
(0.00031622776601683794, 0.01, 1, 1000, 50000, 1, 1, [-5, 5], 'fc1+fc2', 20) | 47
(0.00031622776601683794, 0.01, 1, 1000, 50000, 1, 1, [-10, 10], 'fc1', 10) | 48
(0.00031622776601683794, 0.01, 1, 1000, 50000, 1, 1, [-10, 10], 'fc1', 20) | 49
(0.00031622776601683794, 0.01, 1, 1000, 50000, 1, 1, [-10, 10], 'fc2', 10) | 50
(0.00031622776601683794, 0.01, 1, 1000, 50000, 1, 1, [-10, 10], 'fc2', 20) | 51
(0.00031622776601683794, 0.01, 1, 1000, 50000, 1, 1, [-10, 10], 'fc1+fc2', 10) | 52
(0.00031622776601683794, 0.01, 1, 1000, 50000, 1, 1, [-10, 10], 'fc1+fc2', 20) | 53
(0.00031622776601683794, 0.01, 1, 1000, 50000, 1, 1, [-20, 20], 'fc1', 10) | 54
(0.00031622776601683794, 0.01, 1, 1000, 50000, 1, 1, [-20, 20], 'fc1', 20) | 55
(0.00031622776601683794, 0.01, 1, 1000, 50000, 1, 1, [-20, 20], 'fc2', 10) | 56
(0.00031622776601683794, 0.01, 1, 1000, 50000, 1, 1, [-20, 20], 'fc2', 20) | 57
(0.00031622776601683794, 0.01, 1, 1000, 50000, 1, 1, [-20, 20], 'fc1+fc2', 10) | 58
(0.00031622776601683794, 0.01, 1, 1000, 50000, 1, 1, [-20, 20], 'fc1+fc2', 20) | 59
(0.00031622776601683794, 0.03, 1, 1000, 50000, 1, 0, [-1, 1], 'fc1', 10) | 0
(0.00031622776601683794, 0.03, 1, 1000, 50000, 1, 1, [-1, 1], 'fc1', 10) | 30
(0.00031622776601683794, 0.03, 1, 1000, 50000, 1, 1, [-1, 1], 'fc1', 20) | 31
(0.00031622776601683794, 0.03, 1, 1000, 50000, 1, 1, [-1, 1], 'fc2', 10) | 32
(0.00031622776601683794, 0.03, 1, 1000, 50000, 1, 1, [-1, 1], 'fc2', 20) | 33
(0.00031622776601683794, 0.03, 1, 1000, 50000, 1, 1, [-1, 1], 'fc1+fc2', 10) | 34
(0.00031622776601683794, 0.03, 1, 1000, 50000, 1, 1, [-1, 1], 'fc1+fc2', 20) | 35
(0.00031622776601683794, 0.03, 1, 1000, 50000, 1, 1, [-2, 2], 'fc1', 10) | 36
(0.00031622776601683794, 0.03, 1, 1000, 50000, 1, 1, [-2, 2], 'fc1', 20) | 37
(0.00031622776601683794, 0.03, 1, 1000, 50000, 1, 1, [-2, 2], 'fc2', 10) | 38
(0.00031622776601683794, 0.03, 1, 1000, 50000, 1, 1, [-2, 2], 'fc2', 20) | 39
(0.00031622776601683794, 0.03, 1, 1000, 50000, 1, 1, [-2, 2], 'fc1+fc2', 10) | 40
(0.00031622776601683794, 0.03, 1, 1000, 50000, 1, 1, [-2, 2], 'fc1+fc2', 20) | 41
(0.00031622776601683794, 0.03, 1, 1000, 50000, 1, 1, [-5, 5], 'fc1', 10) | 42
(0.00031622776601683794, 0.03, 1, 1000, 50000, 1, 1, [-5, 5], 'fc1', 20) | 43
(0.00031622776601683794, 0.03, 1, 1000, 50000, 1, 1, [-5, 5], 'fc2', 10) | 44
(0.00031622776601683794, 0.03, 1, 1000, 50000, 1, 1, [-5, 5], 'fc2', 20) | 45
(0.00031622776601683794, 0.03, 1, 1000, 50000, 1, 1, [-5, 5], 'fc1+fc2', 10) | 46
(0.00031622776601683794, 0.03, 1, 1000, 50000, 1, 1, [-5, 5], 'fc1+fc2', 20) | 47
(0.00031622776601683794, 0.03, 1, 1000, 50000, 1, 1, [-10, 10], 'fc1', 10) | 48
(0.00031622776601683794, 0.03, 1, 1000, 50000, 1, 1, [-10, 10], 'fc1', 20) | 49
(0.00031622776601683794, 0.03, 1, 1000, 50000, 1, 1, [-10, 10], 'fc2', 10) | 50
(0.00031622776601683794, 0.03, 1, 1000, 50000, 1, 1, [-10, 10], 'fc2', 20) | 51
(0.00031622776601683794, 0.03, 1, 1000, 50000, 1, 1, [-10, 10], 'fc1+fc2', 10) | 52
(0.00031622776601683794, 0.03, 1, 1000, 50000, 1, 1, [-10, 10], 'fc1+fc2', 20) | 53
(0.00031622776601683794, 0.03, 1, 1000, 50000, 1, 1, [-20, 20], 'fc1', 10) | 54
(0.00031622776601683794, 0.03, 1, 1000, 50000, 1, 1, [-20, 20], 'fc1', 20) | 55
(0.00031622776601683794, 0.03, 1, 1000, 50000, 1, 1, [-20, 20], 'fc2', 10) | 56
(0.00031622776601683794, 0.03, 1, 1000, 50000, 1, 1, [-20, 20], 'fc2', 20) | 57
(0.00031622776601683794, 0.03, 1, 1000, 50000, 1, 1, [-20, 20], 'fc1+fc2', 10) | 58
(0.00031622776601683794, 0.03, 1, 1000, 50000, 1, 1, [-20, 20], 'fc1+fc2', 20) | 59
(0.00031622776601683794, 0.1, 1, 1000, 50000, 1, 0, [-1, 1], 'fc1', 10) | 0
(0.00031622776601683794, 0.1, 1, 1000, 50000, 1, 1, [-1, 1], 'fc1', 10) | 30
(0.00031622776601683794, 0.1, 1, 1000, 50000, 1, 1, [-1, 1], 'fc1', 20) | 31
(0.00031622776601683794, 0.1, 1, 1000, 50000, 1, 1, [-1, 1], 'fc2', 10) | 32
(0.00031622776601683794, 0.1, 1, 1000, 50000, 1, 1, [-1, 1], 'fc2', 20) | 33
(0.00031622776601683794, 0.1, 1, 1000, 50000, 1, 1, [-1, 1], 'fc1+fc2', 10) | 34
(0.00031622776601683794, 0.1, 1, 1000, 50000, 1, 1, [-1, 1], 'fc1+fc2', 20) | 35
(0.00031622776601683794, 0.1, 1, 1000, 50000, 1, 1, [-2, 2], 'fc1', 10) | 36
(0.00031622776601683794, 0.1, 1, 1000, 50000, 1, 1, [-2, 2], 'fc1', 20) | 37
(0.00031622776601683794, 0.1, 1, 1000, 50000, 1, 1, [-2, 2], 'fc2', 10) | 38
(0.00031622776601683794, 0.1, 1, 1000, 50000, 1, 1, [-2, 2], 'fc2', 20) | 39
(0.00031622776601683794, 0.1, 1, 1000, 50000, 1, 1, [-2, 2], 'fc1+fc2', 10) | 40
(0.00031622776601683794, 0.1, 1, 1000, 50000, 1, 1, [-2, 2], 'fc1+fc2', 20) | 41
(0.00031622776601683794, 0.1, 1, 1000, 50000, 1, 1, [-5, 5], 'fc1', 10) | 42
(0.00031622776601683794, 0.1, 1, 1000, 50000, 1, 1, [-5, 5], 'fc1', 20) | 43
(0.00031622776601683794, 0.1, 1, 1000, 50000, 1, 1, [-5, 5], 'fc2', 10) | 44
(0.00031622776601683794, 0.1, 1, 1000, 50000, 1, 1, [-5, 5], 'fc2', 20) | 45
(0.00031622776601683794, 0.1, 1, 1000, 50000, 1, 1, [-5, 5], 'fc1+fc2', 10) | 46
(0.00031622776601683794, 0.1, 1, 1000, 50000, 1, 1, [-5, 5], 'fc1+fc2', 20) | 47
(0.00031622776601683794, 0.1, 1, 1000, 50000, 1, 1, [-10, 10], 'fc1', 10) | 48
(0.00031622776601683794, 0.1, 1, 1000, 50000, 1, 1, [-10, 10], 'fc1', 20) | 49
(0.00031622776601683794, 0.1, 1, 1000, 50000, 1, 1, [-10, 10], 'fc2', 10) | 50
(0.00031622776601683794, 0.1, 1, 1000, 50000, 1, 1, [-10, 10], 'fc2', 20) | 51
(0.00031622776601683794, 0.1, 1, 1000, 50000, 1, 1, [-10, 10], 'fc1+fc2', 10) | 52
(0.00031622776601683794, 0.1, 1, 1000, 50000, 1, 1, [-10, 10], 'fc1+fc2', 20) | 53
(0.00031622776601683794, 0.1, 1, 1000, 50000, 1, 1, [-20, 20], 'fc1', 10) | 54
(0.00031622776601683794, 0.1, 1, 1000, 50000, 1, 1, [-20, 20], 'fc1', 20) | 55
(0.00031622776601683794, 0.1, 1, 1000, 50000, 1, 1, [-20, 20], 'fc2', 10) | 56
(0.00031622776601683794, 0.1, 1, 1000, 50000, 1, 1, [-20, 20], 'fc2', 20) | 57
(0.00031622776601683794, 0.1, 1, 1000, 50000, 1, 1, [-20, 20], 'fc1+fc2', 10) | 58
(0.00031622776601683794, 0.1, 1, 1000, 50000, 1, 1, [-20, 20], 'fc1+fc2', 20) | 59
(0.00031622776601683794, 0.3, 1, 1000, 50000, 1, 0, [-1, 1], 'fc1', 10) | 0
(0.00031622776601683794, 0.3, 1, 1000, 50000, 1, 1, [-1, 1], 'fc1', 10) | 30
(0.00031622776601683794, 0.3, 1, 1000, 50000, 1, 1, [-1, 1], 'fc1', 20) | 31
(0.00031622776601683794, 0.3, 1, 1000, 50000, 1, 1, [-1, 1], 'fc2', 10) | 32
(0.00031622776601683794, 0.3, 1, 1000, 50000, 1, 1, [-1, 1], 'fc2', 20) | 33
(0.00031622776601683794, 0.3, 1, 1000, 50000, 1, 1, [-1, 1], 'fc1+fc2', 10) | 34
(0.00031622776601683794, 0.3, 1, 1000, 50000, 1, 1, [-1, 1], 'fc1+fc2', 20) | 35
(0.00031622776601683794, 0.3, 1, 1000, 50000, 1, 1, [-2, 2], 'fc1', 10) | 36
(0.00031622776601683794, 0.3, 1, 1000, 50000, 1, 1, [-2, 2], 'fc1', 20) | 37
(0.00031622776601683794, 0.3, 1, 1000, 50000, 1, 1, [-2, 2], 'fc2', 10) | 38
(0.00031622776601683794, 0.3, 1, 1000, 50000, 1, 1, [-2, 2], 'fc2', 20) | 39
(0.00031622776601683794, 0.3, 1, 1000, 50000, 1, 1, [-2, 2], 'fc1+fc2', 10) | 40
(0.00031622776601683794, 0.3, 1, 1000, 50000, 1, 1, [-2, 2], 'fc1+fc2', 20) | 41
(0.00031622776601683794, 0.3, 1, 1000, 50000, 1, 1, [-5, 5], 'fc1', 10) | 42
(0.00031622776601683794, 0.3, 1, 1000, 50000, 1, 1, [-5, 5], 'fc1', 20) | 43
(0.00031622776601683794, 0.3, 1, 1000, 50000, 1, 1, [-5, 5], 'fc2', 10) | 44
(0.00031622776601683794, 0.3, 1, 1000, 50000, 1, 1, [-5, 5], 'fc2', 20) | 45
(0.00031622776601683794, 0.3, 1, 1000, 50000, 1, 1, [-5, 5], 'fc1+fc2', 10) | 46
(0.00031622776601683794, 0.3, 1, 1000, 50000, 1, 1, [-5, 5], 'fc1+fc2', 20) | 47
(0.00031622776601683794, 0.3, 1, 1000, 50000, 1, 1, [-10, 10], 'fc1', 10) | 48
(0.00031622776601683794, 0.3, 1, 1000, 50000, 1, 1, [-10, 10], 'fc1', 20) | 49
(0.00031622776601683794, 0.3, 1, 1000, 50000, 1, 1, [-10, 10], 'fc2', 10) | 50
(0.00031622776601683794, 0.3, 1, 1000, 50000, 1, 1, [-10, 10], 'fc2', 20) | 51
(0.00031622776601683794, 0.3, 1, 1000, 50000, 1, 1, [-10, 10], 'fc1+fc2', 10) | 52
(0.00031622776601683794, 0.3, 1, 1000, 50000, 1, 1, [-10, 10], 'fc1+fc2', 20) | 53
(0.00031622776601683794, 0.3, 1, 1000, 50000, 1, 1, [-20, 20], 'fc1', 10) | 54
(0.00031622776601683794, 0.3, 1, 1000, 50000, 1, 1, [-20, 20], 'fc1', 20) | 55
(0.00031622776601683794, 0.3, 1, 1000, 50000, 1, 1, [-20, 20], 'fc2', 10) | 56
(0.00031622776601683794, 0.3, 1, 1000, 50000, 1, 1, [-20, 20], 'fc2', 20) | 57
(0.00031622776601683794, 0.3, 1, 1000, 50000, 1, 1, [-20, 20], 'fc1+fc2', 10) | 58
(0.00031622776601683794, 0.3, 1, 1000, 50000, 1, 1, [-20, 20], 'fc1+fc2', 20) | 59
(0.00031622776601683794, 1, 1, 1000, 50000, 1, 0, [-1, 1], 'fc1', 10) | 0
(0.00031622776601683794, 1, 1, 1000, 50000, 1, 1, [-1, 1], 'fc1', 10) | 30
(0.00031622776601683794, 1, 1, 1000, 50000, 1, 1, [-1, 1], 'fc1', 20) | 31
(0.00031622776601683794, 1, 1, 1000, 50000, 1, 1, [-1, 1], 'fc2', 10) | 32
(0.00031622776601683794, 1, 1, 1000, 50000, 1, 1, [-1, 1], 'fc2', 20) | 33
(0.00031622776601683794, 1, 1, 1000, 50000, 1, 1, [-1, 1], 'fc1+fc2', 10) | 34
(0.00031622776601683794, 1, 1, 1000, 50000, 1, 1, [-1, 1], 'fc1+fc2', 20) | 35
(0.00031622776601683794, 1, 1, 1000, 50000, 1, 1, [-2, 2], 'fc1', 10) | 36
(0.00031622776601683794, 1, 1, 1000, 50000, 1, 1, [-2, 2], 'fc1', 20) | 37
(0.00031622776601683794, 1, 1, 1000, 50000, 1, 1, [-2, 2], 'fc2', 10) | 38
(0.00031622776601683794, 1, 1, 1000, 50000, 1, 1, [-2, 2], 'fc2', 20) | 39
(0.00031622776601683794, 1, 1, 1000, 50000, 1, 1, [-2, 2], 'fc1+fc2', 10) | 40
(0.00031622776601683794, 1, 1, 1000, 50000, 1, 1, [-2, 2], 'fc1+fc2', 20) | 41
(0.00031622776601683794, 1, 1, 1000, 50000, 1, 1, [-5, 5], 'fc1', 10) | 42
(0.00031622776601683794, 1, 1, 1000, 50000, 1, 1, [-5, 5], 'fc1', 20) | 43
(0.00031622776601683794, 1, 1, 1000, 50000, 1, 1, [-5, 5], 'fc2', 10) | 44
(0.00031622776601683794, 1, 1, 1000, 50000, 1, 1, [-5, 5], 'fc2', 20) | 45
(0.00031622776601683794, 1, 1, 1000, 50000, 1, 1, [-5, 5], 'fc1+fc2', 10) | 46
(0.00031622776601683794, 1, 1, 1000, 50000, 1, 1, [-5, 5], 'fc1+fc2', 20) | 47
(0.00031622776601683794, 1, 1, 1000, 50000, 1, 1, [-10, 10], 'fc1', 10) | 48
(0.00031622776601683794, 1, 1, 1000, 50000, 1, 1, [-10, 10], 'fc1', 20) | 49
(0.00031622776601683794, 1, 1, 1000, 50000, 1, 1, [-10, 10], 'fc2', 10) | 50
(0.00031622776601683794, 1, 1, 1000, 50000, 1, 1, [-10, 10], 'fc2', 20) | 51
(0.00031622776601683794, 1, 1, 1000, 50000, 1, 1, [-10, 10], 'fc1+fc2', 10) | 52
(0.00031622776601683794, 1, 1, 1000, 50000, 1, 1, [-10, 10], 'fc1+fc2', 20) | 53
(0.00031622776601683794, 1, 1, 1000, 50000, 1, 1, [-20, 20], 'fc1', 10) | 54
(0.00031622776601683794, 1, 1, 1000, 50000, 1, 1, [-20, 20], 'fc1', 20) | 55
(0.00031622776601683794, 1, 1, 1000, 50000, 1, 1, [-20, 20], 'fc2', 10) | 56
(0.00031622776601683794, 1, 1, 1000, 50000, 1, 1, [-20, 20], 'fc2', 20) | 57
(0.00031622776601683794, 1, 1, 1000, 50000, 1, 1, [-20, 20], 'fc1+fc2', 10) | 58
(0.00031622776601683794, 1, 1, 1000, 50000, 1, 1, [-20, 20], 'fc1+fc2', 20) | 59
(0.00031622776601683794, 3, 1, 1000, 50000, 1, 0, [-1, 1], 'fc1', 10) | 0
(0.00031622776601683794, 3, 1, 1000, 50000, 1, 1, [-1, 1], 'fc1', 10) | 30
(0.00031622776601683794, 3, 1, 1000, 50000, 1, 1, [-1, 1], 'fc1', 20) | 31
(0.00031622776601683794, 3, 1, 1000, 50000, 1, 1, [-1, 1], 'fc2', 10) | 32
(0.00031622776601683794, 3, 1, 1000, 50000, 1, 1, [-1, 1], 'fc2', 20) | 33
(0.00031622776601683794, 3, 1, 1000, 50000, 1, 1, [-1, 1], 'fc1+fc2', 10) | 34
(0.00031622776601683794, 3, 1, 1000, 50000, 1, 1, [-1, 1], 'fc1+fc2', 20) | 35
(0.00031622776601683794, 3, 1, 1000, 50000, 1, 1, [-2, 2], 'fc1', 10) | 36
(0.00031622776601683794, 3, 1, 1000, 50000, 1, 1, [-2, 2], 'fc1', 20) | 37
(0.00031622776601683794, 3, 1, 1000, 50000, 1, 1, [-2, 2], 'fc2', 10) | 38
(0.00031622776601683794, 3, 1, 1000, 50000, 1, 1, [-2, 2], 'fc2', 20) | 39
(0.00031622776601683794, 3, 1, 1000, 50000, 1, 1, [-2, 2], 'fc1+fc2', 10) | 40
(0.00031622776601683794, 3, 1, 1000, 50000, 1, 1, [-2, 2], 'fc1+fc2', 20) | 41
(0.00031622776601683794, 3, 1, 1000, 50000, 1, 1, [-5, 5], 'fc1', 10) | 42
(0.00031622776601683794, 3, 1, 1000, 50000, 1, 1, [-5, 5], 'fc1', 20) | 43
(0.00031622776601683794, 3, 1, 1000, 50000, 1, 1, [-5, 5], 'fc2', 10) | 44
(0.00031622776601683794, 3, 1, 1000, 50000, 1, 1, [-5, 5], 'fc2', 20) | 45
(0.00031622776601683794, 3, 1, 1000, 50000, 1, 1, [-5, 5], 'fc1+fc2', 10) | 46
(0.00031622776601683794, 3, 1, 1000, 50000, 1, 1, [-5, 5], 'fc1+fc2', 20) | 47
(0.00031622776601683794, 3, 1, 1000, 50000, 1, 1, [-10, 10], 'fc1', 10) | 48
(0.00031622776601683794, 3, 1, 1000, 50000, 1, 1, [-10, 10], 'fc1', 20) | 49
(0.00031622776601683794, 3, 1, 1000, 50000, 1, 1, [-10, 10], 'fc2', 10) | 50
(0.00031622776601683794, 3, 1, 1000, 50000, 1, 1, [-10, 10], 'fc2', 20) | 51
(0.00031622776601683794, 3, 1, 1000, 50000, 1, 1, [-10, 10], 'fc1+fc2', 10) | 52
(0.00031622776601683794, 3, 1, 1000, 50000, 1, 1, [-10, 10], 'fc1+fc2', 20) | 53
(0.00031622776601683794, 3, 1, 1000, 50000, 1, 1, [-20, 20], 'fc1', 10) | 54
(0.00031622776601683794, 3, 1, 1000, 50000, 1, 1, [-20, 20], 'fc1', 20) | 55
(0.00031622776601683794, 3, 1, 1000, 50000, 1, 1, [-20, 20], 'fc2', 10) | 56
(0.00031622776601683794, 3, 1, 1000, 50000, 1, 1, [-20, 20], 'fc2', 20) | 57
(0.00031622776601683794, 3, 1, 1000, 50000, 1, 1, [-20, 20], 'fc1+fc2', 10) | 58
(0.00031622776601683794, 3, 1, 1000, 50000, 1, 1, [-20, 20], 'fc1+fc2', 20) | 59
(0.0001, 0.0001, 1, 1000, 50000, 1, 0, [-1, 1], 'fc1', 10) | 0
(0.0001, 0.0001, 1, 1000, 50000, 1, 1, [-1, 1], 'fc1', 10) | 30
(0.0001, 0.0001, 1, 1000, 50000, 1, 1, [-1, 1], 'fc1', 20) | 31
(0.0001, 0.0001, 1, 1000, 50000, 1, 1, [-1, 1], 'fc2', 10) | 32
(0.0001, 0.0001, 1, 1000, 50000, 1, 1, [-1, 1], 'fc2', 20) | 33
(0.0001, 0.0001, 1, 1000, 50000, 1, 1, [-1, 1], 'fc1+fc2', 10) | 34
(0.0001, 0.0001, 1, 1000, 50000, 1, 1, [-1, 1], 'fc1+fc2', 20) | 35
(0.0001, 0.0001, 1, 1000, 50000, 1, 1, [-2, 2], 'fc1', 10) | 36
(0.0001, 0.0001, 1, 1000, 50000, 1, 1, [-2, 2], 'fc1', 20) | 37
(0.0001, 0.0001, 1, 1000, 50000, 1, 1, [-2, 2], 'fc2', 10) | 38
(0.0001, 0.0001, 1, 1000, 50000, 1, 1, [-2, 2], 'fc2', 20) | 39
(0.0001, 0.0001, 1, 1000, 50000, 1, 1, [-2, 2], 'fc1+fc2', 10) | 40
(0.0001, 0.0001, 1, 1000, 50000, 1, 1, [-2, 2], 'fc1+fc2', 20) | 41
(0.0001, 0.0001, 1, 1000, 50000, 1, 1, [-5, 5], 'fc1', 10) | 42
(0.0001, 0.0001, 1, 1000, 50000, 1, 1, [-5, 5], 'fc1', 20) | 43
(0.0001, 0.0001, 1, 1000, 50000, 1, 1, [-5, 5], 'fc2', 10) | 44
(0.0001, 0.0001, 1, 1000, 50000, 1, 1, [-5, 5], 'fc2', 20) | 45
(0.0001, 0.0001, 1, 1000, 50000, 1, 1, [-5, 5], 'fc1+fc2', 10) | 46
(0.0001, 0.0001, 1, 1000, 50000, 1, 1, [-5, 5], 'fc1+fc2', 20) | 47
(0.0001, 0.0001, 1, 1000, 50000, 1, 1, [-10, 10], 'fc1', 10) | 48
(0.0001, 0.0001, 1, 1000, 50000, 1, 1, [-10, 10], 'fc1', 20) | 49
(0.0001, 0.0001, 1, 1000, 50000, 1, 1, [-10, 10], 'fc2', 10) | 50
(0.0001, 0.0001, 1, 1000, 50000, 1, 1, [-10, 10], 'fc2', 20) | 51
(0.0001, 0.0001, 1, 1000, 50000, 1, 1, [-10, 10], 'fc1+fc2', 10) | 52
(0.0001, 0.0001, 1, 1000, 50000, 1, 1, [-10, 10], 'fc1+fc2', 20) | 53
(0.0001, 0.0001, 1, 1000, 50000, 1, 1, [-20, 20], 'fc1', 10) | 54
(0.0001, 0.0001, 1, 1000, 50000, 1, 1, [-20, 20], 'fc1', 20) | 55
(0.0001, 0.0001, 1, 1000, 50000, 1, 1, [-20, 20], 'fc2', 10) | 56
(0.0001, 0.0001, 1, 1000, 50000, 1, 1, [-20, 20], 'fc2', 20) | 57
(0.0001, 0.0001, 1, 1000, 50000, 1, 1, [-20, 20], 'fc1+fc2', 10) | 58
(0.0001, 0.0001, 1, 1000, 50000, 1, 1, [-20, 20], 'fc1+fc2', 20) | 59
(0.0001, 0.0003, 1, 1000, 50000, 1, 0, [-1, 1], 'fc1', 10) | 0
(0.0001, 0.0003, 1, 1000, 50000, 1, 1, [-1, 1], 'fc1', 10) | 30
(0.0001, 0.0003, 1, 1000, 50000, 1, 1, [-1, 1], 'fc1', 20) | 31
(0.0001, 0.0003, 1, 1000, 50000, 1, 1, [-1, 1], 'fc2', 10) | 32
(0.0001, 0.0003, 1, 1000, 50000, 1, 1, [-1, 1], 'fc2', 20) | 33
(0.0001, 0.0003, 1, 1000, 50000, 1, 1, [-1, 1], 'fc1+fc2', 10) | 34
(0.0001, 0.0003, 1, 1000, 50000, 1, 1, [-1, 1], 'fc1+fc2', 20) | 35
(0.0001, 0.0003, 1, 1000, 50000, 1, 1, [-2, 2], 'fc1', 10) | 36
(0.0001, 0.0003, 1, 1000, 50000, 1, 1, [-2, 2], 'fc1', 20) | 37
(0.0001, 0.0003, 1, 1000, 50000, 1, 1, [-2, 2], 'fc2', 10) | 38
(0.0001, 0.0003, 1, 1000, 50000, 1, 1, [-2, 2], 'fc2', 20) | 39
(0.0001, 0.0003, 1, 1000, 50000, 1, 1, [-2, 2], 'fc1+fc2', 10) | 40
(0.0001, 0.0003, 1, 1000, 50000, 1, 1, [-2, 2], 'fc1+fc2', 20) | 41
(0.0001, 0.0003, 1, 1000, 50000, 1, 1, [-5, 5], 'fc1', 10) | 42
(0.0001, 0.0003, 1, 1000, 50000, 1, 1, [-5, 5], 'fc1', 20) | 43
(0.0001, 0.0003, 1, 1000, 50000, 1, 1, [-5, 5], 'fc2', 10) | 44
(0.0001, 0.0003, 1, 1000, 50000, 1, 1, [-5, 5], 'fc2', 20) | 45
(0.0001, 0.0003, 1, 1000, 50000, 1, 1, [-5, 5], 'fc1+fc2', 10) | 46
(0.0001, 0.0003, 1, 1000, 50000, 1, 1, [-5, 5], 'fc1+fc2', 20) | 47
(0.0001, 0.0003, 1, 1000, 50000, 1, 1, [-10, 10], 'fc1', 10) | 48
(0.0001, 0.0003, 1, 1000, 50000, 1, 1, [-10, 10], 'fc1', 20) | 49
(0.0001, 0.0003, 1, 1000, 50000, 1, 1, [-10, 10], 'fc2', 10) | 50
(0.0001, 0.0003, 1, 1000, 50000, 1, 1, [-10, 10], 'fc2', 20) | 51
(0.0001, 0.0003, 1, 1000, 50000, 1, 1, [-10, 10], 'fc1+fc2', 10) | 52
(0.0001, 0.0003, 1, 1000, 50000, 1, 1, [-10, 10], 'fc1+fc2', 20) | 53
(0.0001, 0.0003, 1, 1000, 50000, 1, 1, [-20, 20], 'fc1', 10) | 54
(0.0001, 0.0003, 1, 1000, 50000, 1, 1, [-20, 20], 'fc1', 20) | 55
(0.0001, 0.0003, 1, 1000, 50000, 1, 1, [-20, 20], 'fc2', 10) | 56
(0.0001, 0.0003, 1, 1000, 50000, 1, 1, [-20, 20], 'fc2', 20) | 57
(0.0001, 0.0003, 1, 1000, 50000, 1, 1, [-20, 20], 'fc1+fc2', 10) | 58
(0.0001, 0.0003, 1, 1000, 50000, 1, 1, [-20, 20], 'fc1+fc2', 20) | 59
(0.0001, 0.001, 1, 1000, 50000, 1, 0, [-1, 1], 'fc1', 10) | 0
(0.0001, 0.001, 1, 1000, 50000, 1, 1, [-1, 1], 'fc1', 10) | 30
(0.0001, 0.001, 1, 1000, 50000, 1, 1, [-1, 1], 'fc1', 20) | 31
(0.0001, 0.001, 1, 1000, 50000, 1, 1, [-1, 1], 'fc2', 10) | 32
(0.0001, 0.001, 1, 1000, 50000, 1, 1, [-1, 1], 'fc2', 20) | 33
(0.0001, 0.001, 1, 1000, 50000, 1, 1, [-1, 1], 'fc1+fc2', 10) | 34
(0.0001, 0.001, 1, 1000, 50000, 1, 1, [-1, 1], 'fc1+fc2', 20) | 35
(0.0001, 0.001, 1, 1000, 50000, 1, 1, [-2, 2], 'fc1', 10) | 36
(0.0001, 0.001, 1, 1000, 50000, 1, 1, [-2, 2], 'fc1', 20) | 37
(0.0001, 0.001, 1, 1000, 50000, 1, 1, [-2, 2], 'fc2', 10) | 38
(0.0001, 0.001, 1, 1000, 50000, 1, 1, [-2, 2], 'fc2', 20) | 39
(0.0001, 0.001, 1, 1000, 50000, 1, 1, [-2, 2], 'fc1+fc2', 10) | 40
(0.0001, 0.001, 1, 1000, 50000, 1, 1, [-2, 2], 'fc1+fc2', 20) | 41
(0.0001, 0.001, 1, 1000, 50000, 1, 1, [-5, 5], 'fc1', 10) | 42
(0.0001, 0.001, 1, 1000, 50000, 1, 1, [-5, 5], 'fc1', 20) | 43
(0.0001, 0.001, 1, 1000, 50000, 1, 1, [-5, 5], 'fc2', 10) | 44
(0.0001, 0.001, 1, 1000, 50000, 1, 1, [-5, 5], 'fc2', 20) | 45
(0.0001, 0.001, 1, 1000, 50000, 1, 1, [-5, 5], 'fc1+fc2', 10) | 46
(0.0001, 0.001, 1, 1000, 50000, 1, 1, [-5, 5], 'fc1+fc2', 20) | 47
(0.0001, 0.001, 1, 1000, 50000, 1, 1, [-10, 10], 'fc1', 10) | 48
(0.0001, 0.001, 1, 1000, 50000, 1, 1, [-10, 10], 'fc1', 20) | 49
(0.0001, 0.001, 1, 1000, 50000, 1, 1, [-10, 10], 'fc2', 10) | 50
(0.0001, 0.001, 1, 1000, 50000, 1, 1, [-10, 10], 'fc2', 20) | 51
(0.0001, 0.001, 1, 1000, 50000, 1, 1, [-10, 10], 'fc1+fc2', 10) | 52
(0.0001, 0.001, 1, 1000, 50000, 1, 1, [-10, 10], 'fc1+fc2', 20) | 53
(0.0001, 0.001, 1, 1000, 50000, 1, 1, [-20, 20], 'fc1', 10) | 54
(0.0001, 0.001, 1, 1000, 50000, 1, 1, [-20, 20], 'fc1', 20) | 55
(0.0001, 0.001, 1, 1000, 50000, 1, 1, [-20, 20], 'fc2', 10) | 56
(0.0001, 0.001, 1, 1000, 50000, 1, 1, [-20, 20], 'fc2', 20) | 57
(0.0001, 0.001, 1, 1000, 50000, 1, 1, [-20, 20], 'fc1+fc2', 10) | 58
(0.0001, 0.001, 1, 1000, 50000, 1, 1, [-20, 20], 'fc1+fc2', 20) | 59
(0.0001, 0.003, 1, 1000, 50000, 1, 0, [-1, 1], 'fc1', 10) | 0
(0.0001, 0.003, 1, 1000, 50000, 1, 1, [-1, 1], 'fc1', 10) | 30
(0.0001, 0.003, 1, 1000, 50000, 1, 1, [-1, 1], 'fc1', 20) | 31
(0.0001, 0.003, 1, 1000, 50000, 1, 1, [-1, 1], 'fc2', 10) | 32
(0.0001, 0.003, 1, 1000, 50000, 1, 1, [-1, 1], 'fc2', 20) | 33
(0.0001, 0.003, 1, 1000, 50000, 1, 1, [-1, 1], 'fc1+fc2', 10) | 34
(0.0001, 0.003, 1, 1000, 50000, 1, 1, [-1, 1], 'fc1+fc2', 20) | 35
(0.0001, 0.003, 1, 1000, 50000, 1, 1, [-2, 2], 'fc1', 10) | 36
(0.0001, 0.003, 1, 1000, 50000, 1, 1, [-2, 2], 'fc1', 20) | 37
(0.0001, 0.003, 1, 1000, 50000, 1, 1, [-2, 2], 'fc2', 10) | 38
(0.0001, 0.003, 1, 1000, 50000, 1, 1, [-2, 2], 'fc2', 20) | 39
(0.0001, 0.003, 1, 1000, 50000, 1, 1, [-2, 2], 'fc1+fc2', 10) | 40
(0.0001, 0.003, 1, 1000, 50000, 1, 1, [-2, 2], 'fc1+fc2', 20) | 41
(0.0001, 0.003, 1, 1000, 50000, 1, 1, [-5, 5], 'fc1', 10) | 42
(0.0001, 0.003, 1, 1000, 50000, 1, 1, [-5, 5], 'fc1', 20) | 43
(0.0001, 0.003, 1, 1000, 50000, 1, 1, [-5, 5], 'fc2', 10) | 44
(0.0001, 0.003, 1, 1000, 50000, 1, 1, [-5, 5], 'fc2', 20) | 45
(0.0001, 0.003, 1, 1000, 50000, 1, 1, [-5, 5], 'fc1+fc2', 10) | 46
(0.0001, 0.003, 1, 1000, 50000, 1, 1, [-5, 5], 'fc1+fc2', 20) | 47
(0.0001, 0.003, 1, 1000, 50000, 1, 1, [-10, 10], 'fc1', 10) | 48
(0.0001, 0.003, 1, 1000, 50000, 1, 1, [-10, 10], 'fc1', 20) | 49
(0.0001, 0.003, 1, 1000, 50000, 1, 1, [-10, 10], 'fc2', 10) | 50
(0.0001, 0.003, 1, 1000, 50000, 1, 1, [-10, 10], 'fc2', 20) | 51
(0.0001, 0.003, 1, 1000, 50000, 1, 1, [-10, 10], 'fc1+fc2', 10) | 52
(0.0001, 0.003, 1, 1000, 50000, 1, 1, [-10, 10], 'fc1+fc2', 20) | 53
(0.0001, 0.003, 1, 1000, 50000, 1, 1, [-20, 20], 'fc1', 10) | 54
(0.0001, 0.003, 1, 1000, 50000, 1, 1, [-20, 20], 'fc1', 20) | 55
(0.0001, 0.003, 1, 1000, 50000, 1, 1, [-20, 20], 'fc2', 10) | 56
(0.0001, 0.003, 1, 1000, 50000, 1, 1, [-20, 20], 'fc2', 20) | 57
(0.0001, 0.003, 1, 1000, 50000, 1, 1, [-20, 20], 'fc1+fc2', 10) | 58
(0.0001, 0.003, 1, 1000, 50000, 1, 1, [-20, 20], 'fc1+fc2', 20) | 59
(0.0001, 0.01, 1, 1000, 50000, 1, 0, [-1, 1], 'fc1', 10) | 0
(0.0001, 0.01, 1, 1000, 50000, 1, 1, [-1, 1], 'fc1', 10) | 30
(0.0001, 0.01, 1, 1000, 50000, 1, 1, [-1, 1], 'fc1', 20) | 31
(0.0001, 0.01, 1, 1000, 50000, 1, 1, [-1, 1], 'fc2', 10) | 32
(0.0001, 0.01, 1, 1000, 50000, 1, 1, [-1, 1], 'fc2', 20) | 33
(0.0001, 0.01, 1, 1000, 50000, 1, 1, [-1, 1], 'fc1+fc2', 10) | 34
(0.0001, 0.01, 1, 1000, 50000, 1, 1, [-1, 1], 'fc1+fc2', 20) | 35
(0.0001, 0.01, 1, 1000, 50000, 1, 1, [-2, 2], 'fc1', 10) | 36
(0.0001, 0.01, 1, 1000, 50000, 1, 1, [-2, 2], 'fc1', 20) | 37
(0.0001, 0.01, 1, 1000, 50000, 1, 1, [-2, 2], 'fc2', 10) | 38
(0.0001, 0.01, 1, 1000, 50000, 1, 1, [-2, 2], 'fc2', 20) | 39
(0.0001, 0.01, 1, 1000, 50000, 1, 1, [-2, 2], 'fc1+fc2', 10) | 40
(0.0001, 0.01, 1, 1000, 50000, 1, 1, [-2, 2], 'fc1+fc2', 20) | 41
(0.0001, 0.01, 1, 1000, 50000, 1, 1, [-5, 5], 'fc1', 10) | 42
(0.0001, 0.01, 1, 1000, 50000, 1, 1, [-5, 5], 'fc1', 20) | 43
(0.0001, 0.01, 1, 1000, 50000, 1, 1, [-5, 5], 'fc2', 10) | 44
(0.0001, 0.01, 1, 1000, 50000, 1, 1, [-5, 5], 'fc2', 20) | 45
(0.0001, 0.01, 1, 1000, 50000, 1, 1, [-5, 5], 'fc1+fc2', 10) | 46
(0.0001, 0.01, 1, 1000, 50000, 1, 1, [-5, 5], 'fc1+fc2', 20) | 47
(0.0001, 0.01, 1, 1000, 50000, 1, 1, [-10, 10], 'fc1', 10) | 48
(0.0001, 0.01, 1, 1000, 50000, 1, 1, [-10, 10], 'fc1', 20) | 49
(0.0001, 0.01, 1, 1000, 50000, 1, 1, [-10, 10], 'fc2', 10) | 50
(0.0001, 0.01, 1, 1000, 50000, 1, 1, [-10, 10], 'fc2', 20) | 51
(0.0001, 0.01, 1, 1000, 50000, 1, 1, [-10, 10], 'fc1+fc2', 10) | 52
(0.0001, 0.01, 1, 1000, 50000, 1, 1, [-10, 10], 'fc1+fc2', 20) | 53
(0.0001, 0.01, 1, 1000, 50000, 1, 1, [-20, 20], 'fc1', 10) | 54
(0.0001, 0.01, 1, 1000, 50000, 1, 1, [-20, 20], 'fc1', 20) | 55
(0.0001, 0.01, 1, 1000, 50000, 1, 1, [-20, 20], 'fc2', 10) | 56
(0.0001, 0.01, 1, 1000, 50000, 1, 1, [-20, 20], 'fc2', 20) | 57
(0.0001, 0.01, 1, 1000, 50000, 1, 1, [-20, 20], 'fc1+fc2', 10) | 58
(0.0001, 0.01, 1, 1000, 50000, 1, 1, [-20, 20], 'fc1+fc2', 20) | 59
(0.0001, 0.03, 1, 1000, 50000, 1, 0, [-1, 1], 'fc1', 10) | 0
(0.0001, 0.03, 1, 1000, 50000, 1, 1, [-1, 1], 'fc1', 10) | 30
(0.0001, 0.03, 1, 1000, 50000, 1, 1, [-1, 1], 'fc1', 20) | 31
(0.0001, 0.03, 1, 1000, 50000, 1, 1, [-1, 1], 'fc2', 10) | 32
(0.0001, 0.03, 1, 1000, 50000, 1, 1, [-1, 1], 'fc2', 20) | 33
(0.0001, 0.03, 1, 1000, 50000, 1, 1, [-1, 1], 'fc1+fc2', 10) | 34
(0.0001, 0.03, 1, 1000, 50000, 1, 1, [-1, 1], 'fc1+fc2', 20) | 35
(0.0001, 0.03, 1, 1000, 50000, 1, 1, [-2, 2], 'fc1', 10) | 36
(0.0001, 0.03, 1, 1000, 50000, 1, 1, [-2, 2], 'fc1', 20) | 37
(0.0001, 0.03, 1, 1000, 50000, 1, 1, [-2, 2], 'fc2', 10) | 38
(0.0001, 0.03, 1, 1000, 50000, 1, 1, [-2, 2], 'fc2', 20) | 39
(0.0001, 0.03, 1, 1000, 50000, 1, 1, [-2, 2], 'fc1+fc2', 10) | 40
(0.0001, 0.03, 1, 1000, 50000, 1, 1, [-2, 2], 'fc1+fc2', 20) | 41
(0.0001, 0.03, 1, 1000, 50000, 1, 1, [-5, 5], 'fc1', 10) | 42
(0.0001, 0.03, 1, 1000, 50000, 1, 1, [-5, 5], 'fc1', 20) | 43
(0.0001, 0.03, 1, 1000, 50000, 1, 1, [-5, 5], 'fc2', 10) | 44
(0.0001, 0.03, 1, 1000, 50000, 1, 1, [-5, 5], 'fc2', 20) | 45
(0.0001, 0.03, 1, 1000, 50000, 1, 1, [-5, 5], 'fc1+fc2', 10) | 46
(0.0001, 0.03, 1, 1000, 50000, 1, 1, [-5, 5], 'fc1+fc2', 20) | 47
(0.0001, 0.03, 1, 1000, 50000, 1, 1, [-10, 10], 'fc1', 10) | 48
(0.0001, 0.03, 1, 1000, 50000, 1, 1, [-10, 10], 'fc1', 20) | 49
(0.0001, 0.03, 1, 1000, 50000, 1, 1, [-10, 10], 'fc2', 10) | 50
(0.0001, 0.03, 1, 1000, 50000, 1, 1, [-10, 10], 'fc2', 20) | 51
(0.0001, 0.03, 1, 1000, 50000, 1, 1, [-10, 10], 'fc1+fc2', 10) | 52
(0.0001, 0.03, 1, 1000, 50000, 1, 1, [-10, 10], 'fc1+fc2', 20) | 53
(0.0001, 0.03, 1, 1000, 50000, 1, 1, [-20, 20], 'fc1', 10) | 54
(0.0001, 0.03, 1, 1000, 50000, 1, 1, [-20, 20], 'fc1', 20) | 55
(0.0001, 0.03, 1, 1000, 50000, 1, 1, [-20, 20], 'fc2', 10) | 56
(0.0001, 0.03, 1, 1000, 50000, 1, 1, [-20, 20], 'fc2', 20) | 57
(0.0001, 0.03, 1, 1000, 50000, 1, 1, [-20, 20], 'fc1+fc2', 10) | 58
(0.0001, 0.03, 1, 1000, 50000, 1, 1, [-20, 20], 'fc1+fc2', 20) | 59
(0.0001, 0.1, 1, 1000, 50000, 1, 0, [-1, 1], 'fc1', 10) | 0
(0.0001, 0.1, 1, 1000, 50000, 1, 1, [-1, 1], 'fc1', 10) | 30
(0.0001, 0.1, 1, 1000, 50000, 1, 1, [-1, 1], 'fc1', 20) | 31
(0.0001, 0.1, 1, 1000, 50000, 1, 1, [-1, 1], 'fc2', 10) | 32
(0.0001, 0.1, 1, 1000, 50000, 1, 1, [-1, 1], 'fc2', 20) | 33
(0.0001, 0.1, 1, 1000, 50000, 1, 1, [-1, 1], 'fc1+fc2', 10) | 34
(0.0001, 0.1, 1, 1000, 50000, 1, 1, [-1, 1], 'fc1+fc2', 20) | 35
(0.0001, 0.1, 1, 1000, 50000, 1, 1, [-2, 2], 'fc1', 10) | 36
(0.0001, 0.1, 1, 1000, 50000, 1, 1, [-2, 2], 'fc1', 20) | 37
(0.0001, 0.1, 1, 1000, 50000, 1, 1, [-2, 2], 'fc2', 10) | 38
(0.0001, 0.1, 1, 1000, 50000, 1, 1, [-2, 2], 'fc2', 20) | 39
(0.0001, 0.1, 1, 1000, 50000, 1, 1, [-2, 2], 'fc1+fc2', 10) | 40
(0.0001, 0.1, 1, 1000, 50000, 1, 1, [-2, 2], 'fc1+fc2', 20) | 41
(0.0001, 0.1, 1, 1000, 50000, 1, 1, [-5, 5], 'fc1', 10) | 42
(0.0001, 0.1, 1, 1000, 50000, 1, 1, [-5, 5], 'fc1', 20) | 43
(0.0001, 0.1, 1, 1000, 50000, 1, 1, [-5, 5], 'fc2', 10) | 44
(0.0001, 0.1, 1, 1000, 50000, 1, 1, [-5, 5], 'fc2', 20) | 45
(0.0001, 0.1, 1, 1000, 50000, 1, 1, [-5, 5], 'fc1+fc2', 10) | 46
(0.0001, 0.1, 1, 1000, 50000, 1, 1, [-5, 5], 'fc1+fc2', 20) | 47
(0.0001, 0.1, 1, 1000, 50000, 1, 1, [-10, 10], 'fc1', 10) | 48
(0.0001, 0.1, 1, 1000, 50000, 1, 1, [-10, 10], 'fc1', 20) | 49
(0.0001, 0.1, 1, 1000, 50000, 1, 1, [-10, 10], 'fc2', 10) | 50
(0.0001, 0.1, 1, 1000, 50000, 1, 1, [-10, 10], 'fc2', 20) | 51
(0.0001, 0.1, 1, 1000, 50000, 1, 1, [-10, 10], 'fc1+fc2', 10) | 52
(0.0001, 0.1, 1, 1000, 50000, 1, 1, [-10, 10], 'fc1+fc2', 20) | 53
(0.0001, 0.1, 1, 1000, 50000, 1, 1, [-20, 20], 'fc1', 10) | 54
(0.0001, 0.1, 1, 1000, 50000, 1, 1, [-20, 20], 'fc1', 20) | 55
(0.0001, 0.1, 1, 1000, 50000, 1, 1, [-20, 20], 'fc2', 10) | 56
(0.0001, 0.1, 1, 1000, 50000, 1, 1, [-20, 20], 'fc2', 20) | 57
(0.0001, 0.1, 1, 1000, 50000, 1, 1, [-20, 20], 'fc1+fc2', 10) | 58
(0.0001, 0.1, 1, 1000, 50000, 1, 1, [-20, 20], 'fc1+fc2', 20) | 59
(0.0001, 0.3, 1, 1000, 50000, 1, 0, [-1, 1], 'fc1', 10) | 0
(0.0001, 0.3, 1, 1000, 50000, 1, 1, [-1, 1], 'fc1', 10) | 30
(0.0001, 0.3, 1, 1000, 50000, 1, 1, [-1, 1], 'fc1', 20) | 31
(0.0001, 0.3, 1, 1000, 50000, 1, 1, [-1, 1], 'fc2', 10) | 32
(0.0001, 0.3, 1, 1000, 50000, 1, 1, [-1, 1], 'fc2', 20) | 33
(0.0001, 0.3, 1, 1000, 50000, 1, 1, [-1, 1], 'fc1+fc2', 10) | 34
(0.0001, 0.3, 1, 1000, 50000, 1, 1, [-1, 1], 'fc1+fc2', 20) | 35
(0.0001, 0.3, 1, 1000, 50000, 1, 1, [-2, 2], 'fc1', 10) | 36
(0.0001, 0.3, 1, 1000, 50000, 1, 1, [-2, 2], 'fc1', 20) | 37
(0.0001, 0.3, 1, 1000, 50000, 1, 1, [-2, 2], 'fc2', 10) | 38
(0.0001, 0.3, 1, 1000, 50000, 1, 1, [-2, 2], 'fc2', 20) | 39
(0.0001, 0.3, 1, 1000, 50000, 1, 1, [-2, 2], 'fc1+fc2', 10) | 40
(0.0001, 0.3, 1, 1000, 50000, 1, 1, [-2, 2], 'fc1+fc2', 20) | 41
(0.0001, 0.3, 1, 1000, 50000, 1, 1, [-5, 5], 'fc1', 10) | 42
(0.0001, 0.3, 1, 1000, 50000, 1, 1, [-5, 5], 'fc1', 20) | 43
(0.0001, 0.3, 1, 1000, 50000, 1, 1, [-5, 5], 'fc2', 10) | 44
(0.0001, 0.3, 1, 1000, 50000, 1, 1, [-5, 5], 'fc2', 20) | 45
(0.0001, 0.3, 1, 1000, 50000, 1, 1, [-5, 5], 'fc1+fc2', 10) | 46
(0.0001, 0.3, 1, 1000, 50000, 1, 1, [-5, 5], 'fc1+fc2', 20) | 47
(0.0001, 0.3, 1, 1000, 50000, 1, 1, [-10, 10], 'fc1', 10) | 48
(0.0001, 0.3, 1, 1000, 50000, 1, 1, [-10, 10], 'fc1', 20) | 49
(0.0001, 0.3, 1, 1000, 50000, 1, 1, [-10, 10], 'fc2', 10) | 50
(0.0001, 0.3, 1, 1000, 50000, 1, 1, [-10, 10], 'fc2', 20) | 51
(0.0001, 0.3, 1, 1000, 50000, 1, 1, [-10, 10], 'fc1+fc2', 10) | 52
(0.0001, 0.3, 1, 1000, 50000, 1, 1, [-10, 10], 'fc1+fc2', 20) | 53
(0.0001, 0.3, 1, 1000, 50000, 1, 1, [-20, 20], 'fc1', 10) | 54
(0.0001, 0.3, 1, 1000, 50000, 1, 1, [-20, 20], 'fc1', 20) | 55
(0.0001, 0.3, 1, 1000, 50000, 1, 1, [-20, 20], 'fc2', 10) | 56
(0.0001, 0.3, 1, 1000, 50000, 1, 1, [-20, 20], 'fc2', 20) | 57
(0.0001, 0.3, 1, 1000, 50000, 1, 1, [-20, 20], 'fc1+fc2', 10) | 58
(0.0001, 0.3, 1, 1000, 50000, 1, 1, [-20, 20], 'fc1+fc2', 20) | 59
(0.0001, 1, 1, 1000, 50000, 1, 0, [-1, 1], 'fc1', 10) | 0
(0.0001, 1, 1, 1000, 50000, 1, 1, [-1, 1], 'fc1', 10) | 30
(0.0001, 1, 1, 1000, 50000, 1, 1, [-1, 1], 'fc1', 20) | 31
(0.0001, 1, 1, 1000, 50000, 1, 1, [-1, 1], 'fc2', 10) | 32
(0.0001, 1, 1, 1000, 50000, 1, 1, [-1, 1], 'fc2', 20) | 33
(0.0001, 1, 1, 1000, 50000, 1, 1, [-1, 1], 'fc1+fc2', 10) | 34
(0.0001, 1, 1, 1000, 50000, 1, 1, [-1, 1], 'fc1+fc2', 20) | 35
(0.0001, 1, 1, 1000, 50000, 1, 1, [-2, 2], 'fc1', 10) | 36
(0.0001, 1, 1, 1000, 50000, 1, 1, [-2, 2], 'fc1', 20) | 37
(0.0001, 1, 1, 1000, 50000, 1, 1, [-2, 2], 'fc2', 10) | 38
(0.0001, 1, 1, 1000, 50000, 1, 1, [-2, 2], 'fc2', 20) | 39
(0.0001, 1, 1, 1000, 50000, 1, 1, [-2, 2], 'fc1+fc2', 10) | 40
(0.0001, 1, 1, 1000, 50000, 1, 1, [-2, 2], 'fc1+fc2', 20) | 41
(0.0001, 1, 1, 1000, 50000, 1, 1, [-5, 5], 'fc1', 10) | 42
(0.0001, 1, 1, 1000, 50000, 1, 1, [-5, 5], 'fc1', 20) | 43
(0.0001, 1, 1, 1000, 50000, 1, 1, [-5, 5], 'fc2', 10) | 44
(0.0001, 1, 1, 1000, 50000, 1, 1, [-5, 5], 'fc2', 20) | 45
(0.0001, 1, 1, 1000, 50000, 1, 1, [-5, 5], 'fc1+fc2', 10) | 46
(0.0001, 1, 1, 1000, 50000, 1, 1, [-5, 5], 'fc1+fc2', 20) | 47
(0.0001, 1, 1, 1000, 50000, 1, 1, [-10, 10], 'fc1', 10) | 48
(0.0001, 1, 1, 1000, 50000, 1, 1, [-10, 10], 'fc1', 20) | 49
(0.0001, 1, 1, 1000, 50000, 1, 1, [-10, 10], 'fc2', 10) | 50
(0.0001, 1, 1, 1000, 50000, 1, 1, [-10, 10], 'fc2', 20) | 51
(0.0001, 1, 1, 1000, 50000, 1, 1, [-10, 10], 'fc1+fc2', 10) | 52
(0.0001, 1, 1, 1000, 50000, 1, 1, [-10, 10], 'fc1+fc2', 20) | 53
(0.0001, 1, 1, 1000, 50000, 1, 1, [-20, 20], 'fc1', 10) | 54
(0.0001, 1, 1, 1000, 50000, 1, 1, [-20, 20], 'fc1', 20) | 55
(0.0001, 1, 1, 1000, 50000, 1, 1, [-20, 20], 'fc2', 10) | 56
(0.0001, 1, 1, 1000, 50000, 1, 1, [-20, 20], 'fc2', 20) | 57
(0.0001, 1, 1, 1000, 50000, 1, 1, [-20, 20], 'fc1+fc2', 10) | 58
(0.0001, 1, 1, 1000, 50000, 1, 1, [-20, 20], 'fc1+fc2', 20) | 59
(0.0001, 3, 1, 1000, 50000, 1, 0, [-1, 1], 'fc1', 10) | 0
(0.0001, 3, 1, 1000, 50000, 1, 1, [-1, 1], 'fc1', 10) | 30
(0.0001, 3, 1, 1000, 50000, 1, 1, [-1, 1], 'fc1', 20) | 31
(0.0001, 3, 1, 1000, 50000, 1, 1, [-1, 1], 'fc2', 10) | 32
(0.0001, 3, 1, 1000, 50000, 1, 1, [-1, 1], 'fc2', 20) | 33
(0.0001, 3, 1, 1000, 50000, 1, 1, [-1, 1], 'fc1+fc2', 10) | 34
(0.0001, 3, 1, 1000, 50000, 1, 1, [-1, 1], 'fc1+fc2', 20) | 35
(0.0001, 3, 1, 1000, 50000, 1, 1, [-2, 2], 'fc1', 10) | 36
(0.0001, 3, 1, 1000, 50000, 1, 1, [-2, 2], 'fc1', 20) | 37
(0.0001, 3, 1, 1000, 50000, 1, 1, [-2, 2], 'fc2', 10) | 38
(0.0001, 3, 1, 1000, 50000, 1, 1, [-2, 2], 'fc2', 20) | 39
(0.0001, 3, 1, 1000, 50000, 1, 1, [-2, 2], 'fc1+fc2', 10) | 40
(0.0001, 3, 1, 1000, 50000, 1, 1, [-2, 2], 'fc1+fc2', 20) | 41
(0.0001, 3, 1, 1000, 50000, 1, 1, [-5, 5], 'fc1', 10) | 42
(0.0001, 3, 1, 1000, 50000, 1, 1, [-5, 5], 'fc1', 20) | 43
(0.0001, 3, 1, 1000, 50000, 1, 1, [-5, 5], 'fc2', 10) | 44
(0.0001, 3, 1, 1000, 50000, 1, 1, [-5, 5], 'fc2', 20) | 45
(0.0001, 3, 1, 1000, 50000, 1, 1, [-5, 5], 'fc1+fc2', 10) | 46
(0.0001, 3, 1, 1000, 50000, 1, 1, [-5, 5], 'fc1+fc2', 20) | 47
(0.0001, 3, 1, 1000, 50000, 1, 1, [-10, 10], 'fc1', 10) | 48
(0.0001, 3, 1, 1000, 50000, 1, 1, [-10, 10], 'fc1', 20) | 49
(0.0001, 3, 1, 1000, 50000, 1, 1, [-10, 10], 'fc2', 10) | 50
(0.0001, 3, 1, 1000, 50000, 1, 1, [-10, 10], 'fc2', 20) | 51
(0.0001, 3, 1, 1000, 50000, 1, 1, [-10, 10], 'fc1+fc2', 10) | 52
(0.0001, 3, 1, 1000, 50000, 1, 1, [-10, 10], 'fc1+fc2', 20) | 53
(0.0001, 3, 1, 1000, 50000, 1, 1, [-20, 20], 'fc1', 10) | 54
(0.0001, 3, 1, 1000, 50000, 1, 1, [-20, 20], 'fc1', 20) | 55
(0.0001, 3, 1, 1000, 50000, 1, 1, [-20, 20], 'fc2', 10) | 56
(0.0001, 3, 1, 1000, 50000, 1, 1, [-20, 20], 'fc2', 20) | 57
(0.0001, 3, 1, 1000, 50000, 1, 1, [-20, 20], 'fc1+fc2', 10) | 58
(0.0001, 3, 1, 1000, 50000, 1, 1, [-20, 20], 'fc1+fc2', 20) | 59
Total Exps 930
